0.0000 0.0023 0.0037 0.0044 0.0055 
0.0100 0.0131 0.0232 0.0282 0.0303 
0.0200 0.0229 0.0406 0.0466 0.0498 
0.0300 0.0296 0.0573 0.0637 0.0700 
0.0400 0.0347 0.0721 0.0851 0.0896 
0.0500 0.0405 0.0872 0.1038 0.1076 
0.0600 0.0470 0.1030 0.1206 0.1251 
0.0700 0.0525 0.1173 0.1360 0.1412 
0.0800 0.0588 0.1297 0.1505 0.1532 
0.0900 0.0640 0.1420 0.1618 0.1687 
0.1000 0.0695 0.1539 0.1726 0.1773 
0.1100 0.0749 0.1637 0.1847 0.1890 
0.1200 0.0791 0.1728 0.1946 0.2008 
0.1300 0.0839 0.1823 0.2036 0.2101 
0.1400 0.0893 0.1916 0.2137 0.2185 
0.1500 0.0945 0.1992 0.2214 0.2256 
0.1600 0.0984 0.2080 0.2286 0.2338 
0.1700 0.1026 0.2161 0.2374 0.2413 
0.1800 0.1071 0.2236 0.2442 0.2506 
0.1900 0.1117 0.2316 0.2511 0.2581 
0.2000 0.1163 0.2397 0.2588 0.2655 
0.2100 0.1207 0.2483 0.2656 0.2745 
0.2200 0.1247 0.2554 0.2713 0.2809 
0.2300 0.1290 0.2610 0.2769 0.2871 
0.2400 0.1331 0.2661 0.2813 0.2928 
0.2500 0.1369 0.2714 0.2857 0.2990 
0.2600 0.1407 0.2766 0.2910 0.3042 
0.2700 0.1450 0.2818 0.2963 0.3077 
0.2800 0.1495 0.2859 0.3025 0.3115 
0.2900 0.1533 0.2902 0.3075 0.3160 
0.3000 0.1565 0.2955 0.3119 0.3215 
0.3100 0.1598 0.2994 0.3163 0.3259 
0.3200 0.1633 0.3027 0.3214 0.3301 
0.3300 0.1669 0.3067 0.3252 0.3350 
0.3400 0.1701 0.3097 0.3295 0.3417 
0.3500 0.1727 0.3127 0.3345 0.3452 
0.3600 0.1750 0.3157 0.3393 0.3501 
0.3700 0.1775 0.3188 0.3434 0.3544 
0.3800 0.1799 0.3213 0.3481 0.3585 
0.3900 0.1824 0.3245 0.3515 0.3638 
0.4000 0.1849 0.3275 0.3548 0.3676 
0.4100 0.1877 0.3309 0.3581 0.3711 
0.4200 0.1903 0.3343 0.3610 0.3755 
0.4300 0.1928 0.3370 0.3648 0.3802 
0.4400 0.1956 0.3400 0.3686 0.3843 
0.4500 0.1984 0.3435 0.3715 0.3890 
0.4600 0.2010 0.3479 0.3744 0.3918 
0.4700 0.2034 0.3515 0.3783 0.3960 
0.4800 0.2059 0.3551 0.3819 0.3992 
0.4900 0.2088 0.3586 0.3861 0.4020 
0.5000 0.2116 0.3619 0.3896 0.4054 
0.5100 0.2137 0.3658 0.3931 0.4092 
0.5200 0.2159 0.3694 0.3961 0.4123 
0.5300 0.2181 0.3722 0.3990 0.4155 
0.5400 0.2202 0.3750 0.4023 0.4199 
0.5500 0.2222 0.3779 0.4049 0.4231 
0.5600 0.2243 0.3802 0.4073 0.4259 
0.5700 0.2265 0.3822 0.4098 0.4287 
0.5800 0.2287 0.3844 0.4122 0.4314 
0.5900 0.2312 0.3872 0.4143 0.4344 
0.6000 0.2335 0.3901 0.4173 0.4368 
0.6100 0.2357 0.3926 0.4204 0.4398 
0.6200 0.2378 0.3950 0.4226 0.4430 
0.6300 0.2399 0.3980 0.4246 0.4464 
0.6400 0.2420 0.4002 0.4266 0.4498 
0.6500 0.2441 0.4024 0.4288 0.4527 
0.6600 0.2460 0.4046 0.4311 0.4550 
0.6700 0.2483 0.4074 0.4339 0.4571 
0.6800 0.2507 0.4100 0.4358 0.4598 
0.6900 0.2528 0.4123 0.4378 0.4626 
0.7000 0.2549 0.4152 0.4399 0.4652 
0.7100 0.2569 0.4177 0.4422 0.4675 
0.7200 0.2589 0.4202 0.4451 0.4708 
0.7300 0.2610 0.4229 0.4483 0.4736 
0.7400 0.2629 0.4256 0.4510 0.4761 
0.7500 0.2647 0.4280 0.4539 0.4794 
0.7600 0.2667 0.4301 0.4563 0.4821 
0.7700 0.2685 0.4319 0.4589 0.4850 
0.7800 0.2702 0.4339 0.4616 0.4877 
0.7900 0.2716 0.4359 0.4642 0.4896 
0.8000 0.2731 0.4381 0.4664 0.4912 
0.8100 0.2747 0.4403 0.4684 0.4929 
0.8200 0.2764 0.4422 0.4709 0.4949 
0.8300 0.2780 0.4440 0.4728 0.4969 
0.8400 0.2794 0.4461 0.4745 0.4986 
0.8500 0.2810 0.4489 0.4765 0.5006 
0.8600 0.2827 0.4514 0.4790 0.5026 
0.8700 0.2844 0.4537 0.4814 0.5048 
0.8800 0.2861 0.4558 0.4835 0.5070 
0.8900 0.2878 0.4579 0.4854 0.5088 
0.9000 0.2892 0.4600 0.4870 0.5106 
0.9100 0.2906 0.4619 0.4891 0.5123 
0.9200 0.2921 0.4637 0.4912 0.5142 
0.9300 0.2935 0.4655 0.4933 0.5161 
0.9400 0.2949 0.4675 0.4954 0.5182 
0.9500 0.2963 0.4694 0.4976 0.5203 
0.9600 0.2976 0.4713 0.4993 0.5222 
0.9700 0.2990 0.4733 0.5007 0.5235 
0.9800 0.3004 0.4751 0.5021 0.5247 
0.9900 0.3019 0.4767 0.5033 0.5263 
1.0000 0.3036 0.4786 0.5051 0.5280 
