0.0000 0.0020 0.0020 0.0030 0.0020 
0.0100 0.0118 0.0129 0.0120 0.0110 
0.0200 0.0196 0.0201 0.0188 0.0223 
0.0300 0.0264 0.0249 0.0240 0.0270 
0.0400 0.0312 0.0353 0.0370 0.0343 
0.0500 0.0374 0.0404 0.0417 0.0440 
0.0600 0.0421 0.0461 0.0490 0.0510 
0.0700 0.0453 0.0514 0.0515 0.0540 
0.0800 0.0495 0.0612 0.0600 0.0580 
0.0900 0.0532 0.0697 0.0672 0.0637 
0.1000 0.0565 0.0763 0.0743 0.0680 
0.1100 0.0614 0.0822 0.0815 0.0783 
0.1200 0.0638 0.0883 0.0860 0.0865 
0.1300 0.0686 0.0949 0.0957 0.0920 
0.1400 0.0730 0.1011 0.1040 0.0987 
0.1500 0.0771 0.1046 0.1059 0.1050 
0.1600 0.0808 0.1069 0.1070 0.1084 
0.1700 0.0854 0.1091 0.1120 0.1130 
0.1800 0.0900 0.1113 0.1130 0.1240 
0.1900 0.0952 0.1147 0.1140 0.1277 
0.2000 0.0982 0.1185 0.1150 0.1335 
0.2100 0.1016 0.1228 0.1172 0.1429 
0.2200 0.1065 0.1272 0.1208 0.1497 
0.2300 0.1092 0.1314 0.1283 0.1520 
0.2400 0.1100 0.1352 0.1358 0.1574 
0.2500 0.1123 0.1396 0.1413 0.1639 
0.2600 0.1138 0.1438 0.1470 0.1723 
0.2700 0.1160 0.1481 0.1486 0.1776 
0.2800 0.1184 0.1525 0.1515 0.1824 
0.2900 0.1200 0.1569 0.1569 0.1870 
0.3000 0.1223 0.1610 0.1625 0.1992 
0.3100 0.1257 0.1648 0.1646 0.2057 
0.3200 0.1306 0.1685 0.1676 0.2117 
0.3300 0.1338 0.1722 0.1712 0.2179 
0.3400 0.1375 0.1759 0.1755 0.2210 
0.3500 0.1409 0.1794 0.1796 0.2274 
0.3600 0.1431 0.1828 0.1851 0.2346 
0.3700 0.1463 0.1862 0.1885 0.2376 
0.3800 0.1490 0.1896 0.1918 0.2421 
0.3900 0.1526 0.1928 0.1951 0.2467 
0.4000 0.1571 0.1960 0.1973 0.2518 
0.4100 0.1610 0.1989 0.2005 0.2565 
0.4200 0.1638 0.2023 0.2057 0.2601 
0.4300 0.1656 0.2058 0.2097 0.2649 
0.4400 0.1673 0.2093 0.2164 0.2710 
0.4500 0.1696 0.2130 0.2217 0.2773 
0.4600 0.1714 0.2166 0.2265 0.2822 
0.4700 0.1731 0.2202 0.2312 0.2849 
0.4800 0.1760 0.2238 0.2339 0.2895 
0.4900 0.1787 0.2273 0.2376 0.2920 
0.5000 0.1799 0.2309 0.2415 0.2942 
0.5100 0.1805 0.2344 0.2447 0.2960 
0.5200 0.1823 0.2376 0.2471 0.2972 
0.5300 0.1845 0.2404 0.2494 0.3012 
0.5400 0.1869 0.2441 0.2523 0.3057 
0.5500 0.1908 0.2465 0.2540 0.3095 
0.5600 0.1949 0.2489 0.2572 0.3122 
0.5700 0.1984 0.2508 0.2627 0.3150 
0.5800 0.1999 0.2531 0.2666 0.3172 
0.5900 0.2014 0.2556 0.2681 0.3200 
0.6000 0.2032 0.2581 0.2707 0.3218 
0.6100 0.2050 0.2607 0.2737 0.3232 
0.6200 0.2075 0.2632 0.2765 0.3252 
0.6300 0.2094 0.2658 0.2776 0.3280 
0.6400 0.2109 0.2683 0.2792 0.3328 
0.6500 0.2119 0.2709 0.2826 0.3351 
0.6600 0.2126 0.2735 0.2849 0.3363 
0.6700 0.2147 0.2763 0.2868 0.3390 
0.6800 0.2176 0.2790 0.2883 0.3420 
0.6900 0.2203 0.2816 0.2900 0.3438 
0.7000 0.2229 0.2843 0.2919 0.3450 
0.7100 0.2253 0.2871 0.2959 0.3464 
0.7200 0.2277 0.2901 0.3005 0.3483 
0.7300 0.2301 0.2926 0.3033 0.3501 
0.7400 0.2318 0.2950 0.3052 0.3531 
0.7500 0.2331 0.2976 0.3076 0.3559 
0.7600 0.2348 0.3002 0.3105 0.3565 
0.7700 0.2367 0.3027 0.3140 0.3594 
0.7800 0.2385 0.3053 0.3175 0.3620 
0.7900 0.2399 0.3079 0.3205 0.3630 
0.8000 0.2409 0.3105 0.3228 0.3635 
0.8100 0.2419 0.3131 0.3248 0.3642 
0.8200 0.2430 0.3157 0.3284 0.3669 
0.8300 0.2441 0.3183 0.3310 0.3699 
0.8400 0.2455 0.3209 0.3327 0.3718 
0.8500 0.2474 0.3233 0.3344 0.3750 
0.8600 0.2492 0.3257 0.3370 0.3772 
0.8700 0.2515 0.3280 0.3405 0.3800 
0.8800 0.2536 0.3303 0.3437 0.3820 
0.8900 0.2554 0.3324 0.3460 0.3835 
0.9000 0.2563 0.3347 0.3479 0.3846 
0.9100 0.2572 0.3369 0.3494 0.3865 
0.9200 0.2576 0.3389 0.3503 0.3895 
0.9300 0.2583 0.3410 0.3515 0.3926 
0.9400 0.2592 0.3431 0.3531 0.3950 
0.9500 0.2601 0.3452 0.3551 0.3984 
0.9600 0.2609 0.3471 0.3566 0.4020 
0.9700 0.2614 0.3490 0.3581 0.4037 
0.9800 0.2618 0.3512 0.3594 0.4047 
0.9900 0.2622 0.3533 0.3609 0.4059 
1.0000 0.2629 0.3554 0.3636 0.4073 
