0.0000 0.0120 0.0130 0.0170 0.0220 
0.0100 0.0304 0.0685 0.0750 0.0890 
0.0200 0.0438 0.1007 0.1140 0.1328 
0.0300 0.0533 0.1309 0.1430 0.1805 
0.0400 0.0584 0.1579 0.1826 0.2137 
0.0500 0.0658 0.1900 0.2107 0.2405 
0.0600 0.0771 0.2186 0.2377 0.2660 
0.0700 0.0860 0.2358 0.2523 0.2864 
0.0800 0.0983 0.2533 0.2670 0.3030 
0.0900 0.1075 0.2686 0.2780 0.3290 
0.1000 0.1192 0.2834 0.2905 0.3407 
0.1100 0.1283 0.2987 0.3079 0.3565 
0.1200 0.1354 0.3107 0.3240 0.3645 
0.1300 0.1416 0.3235 0.3357 0.3747 
0.1400 0.1490 0.3337 0.3508 0.3845 
0.1500 0.1563 0.3427 0.3562 0.3915 
0.1600 0.1587 0.3517 0.3657 0.3998 
0.1700 0.1625 0.3613 0.3777 0.4058 
0.1800 0.1673 0.3722 0.3830 0.4156 
0.1900 0.1713 0.3813 0.3870 0.4206 
0.2000 0.1775 0.3892 0.3950 0.4294 
0.2100 0.1824 0.3972 0.4029 0.4320 
0.2200 0.1842 0.4047 0.4073 0.4390 
0.2300 0.1868 0.4118 0.4107 0.4421 
0.2400 0.1921 0.4180 0.4145 0.4463 
0.2500 0.1963 0.4228 0.4198 0.4505 
0.2600 0.2015 0.4276 0.4226 0.4554 
0.2700 0.2081 0.4324 0.4269 0.4581 
0.2800 0.2152 0.4370 0.4368 0.4640 
0.2900 0.2187 0.4419 0.4424 0.4727 
0.3000 0.2196 0.4482 0.4461 0.4786 
0.3100 0.2224 0.4514 0.4498 0.4800 
0.3200 0.2263 0.4545 0.4538 0.4819 
0.3300 0.2303 0.4578 0.4576 0.4845 
0.3400 0.2335 0.4611 0.4635 0.4893 
0.3500 0.2340 0.4645 0.4678 0.4941 
0.3600 0.2356 0.4678 0.4704 0.5000 
0.3700 0.2385 0.4704 0.4729 0.5063 
0.3800 0.2411 0.4740 0.4777 0.5127 
0.3900 0.2438 0.4765 0.4809 0.5189 
0.4000 0.2449 0.4796 0.4814 0.5218 
0.4100 0.2464 0.4830 0.4836 0.5236 
0.4200 0.2490 0.4865 0.4863 0.5270 
0.4300 0.2528 0.4899 0.4913 0.5302 
0.4400 0.2578 0.4933 0.4930 0.5350 
0.4500 0.2630 0.4968 0.4930 0.5375 
0.4600 0.2667 0.5002 0.4941 0.5383 
0.4700 0.2692 0.5037 0.4954 0.5413 
0.4800 0.2713 0.5076 0.4994 0.5439 
0.4900 0.2745 0.5103 0.5065 0.5454 
0.5000 0.2785 0.5125 0.5110 0.5482 
0.5100 0.2796 0.5144 0.5145 0.5522 
0.5200 0.2808 0.5164 0.5173 0.5555 
0.5300 0.2829 0.5183 0.5185 0.5579 
0.5400 0.2847 0.5202 0.5207 0.5607 
0.5500 0.2862 0.5221 0.5210 0.5626 
0.5600 0.2877 0.5241 0.5220 0.5642 
0.5700 0.2896 0.5260 0.5235 0.5681 
0.5800 0.2913 0.5288 0.5262 0.5697 
0.5900 0.2941 0.5314 0.5291 0.5708 
0.6000 0.2974 0.5341 0.5336 0.5717 
0.6100 0.3000 0.5366 0.5396 0.5739 
0.6200 0.3018 0.5388 0.5410 0.5755 
0.6300 0.3041 0.5411 0.5412 0.5761 
0.6400 0.3065 0.5433 0.5423 0.5776 
0.6500 0.3089 0.5455 0.5445 0.5780 
0.6600 0.3103 0.5476 0.5472 0.5793 
0.6700 0.3115 0.5498 0.5492 0.5814 
0.6800 0.3134 0.5520 0.5509 0.5833 
0.6900 0.3156 0.5542 0.5525 0.5864 
0.7000 0.3171 0.5564 0.5539 0.5894 
0.7100 0.3186 0.5586 0.5555 0.5900 
0.7200 0.3209 0.5607 0.5570 0.5926 
0.7300 0.3236 0.5629 0.5578 0.5955 
0.7400 0.3259 0.5662 0.5590 0.5967 
0.7500 0.3277 0.5700 0.5602 0.5995 
0.7600 0.3302 0.5722 0.5612 0.6008 
0.7700 0.3319 0.5738 0.5641 0.6032 
0.7800 0.3332 0.5754 0.5650 0.6077 
0.7900 0.3345 0.5771 0.5660 0.6093 
0.8000 0.3359 0.5788 0.5672 0.6102 
0.8100 0.3390 0.5805 0.5689 0.6114 
0.8200 0.3424 0.5822 0.5709 0.6120 
0.8300 0.3446 0.5839 0.5736 0.6128 
0.8400 0.3466 0.5856 0.5754 0.6153 
0.8500 0.3481 0.5873 0.5758 0.6178 
0.8600 0.3495 0.5890 0.5768 0.6195 
0.8700 0.3509 0.5907 0.5781 0.6200 
0.8800 0.3519 0.5924 0.5789 0.6211 
0.8900 0.3526 0.5941 0.5802 0.6224 
0.9000 0.3535 0.5958 0.5807 0.6239 
0.9100 0.3548 0.5975 0.5821 0.6250 
0.9200 0.3567 0.5991 0.5862 0.6265 
0.9300 0.3587 0.6010 0.5901 0.6280 
0.9400 0.3602 0.6035 0.5924 0.6299 
0.9500 0.3613 0.6049 0.5950 0.6314 
0.9600 0.3630 0.6064 0.5969 0.6329 
0.9700 0.3649 0.6080 0.5984 0.6336 
0.9800 0.3673 0.6095 0.5996 0.6347 
0.9900 0.3700 0.6109 0.6006 0.6363 
1.0000 0.3725 0.6123 0.6015 0.6378 
