0.0000 0.0000 0.0020 0.0020 0.0060 
0.0100 0.0141 0.0315 0.0555 0.0590 
0.0200 0.0285 0.0742 0.1033 0.1040 
0.0300 0.0408 0.1085 0.1223 0.1203 
0.0400 0.0496 0.1270 0.1485 0.1420 
0.0500 0.0553 0.1454 0.1641 0.1663 
0.0600 0.0594 0.1558 0.1782 0.1812 
0.0700 0.0607 0.1714 0.1902 0.1920 
0.0800 0.0654 0.1795 0.1990 0.1998 
0.0900 0.0709 0.1968 0.2109 0.2143 
0.1000 0.0757 0.2045 0.2270 0.2253 
0.1100 0.0817 0.2194 0.2399 0.2440 
0.1200 0.0896 0.2304 0.2547 0.2603 
0.1300 0.0983 0.2409 0.2672 0.2737 
0.1400 0.1076 0.2497 0.2799 0.2826 
0.1500 0.1133 0.2597 0.2887 0.2880 
0.1600 0.1174 0.2685 0.2983 0.2939 
0.1700 0.1199 0.2794 0.3090 0.3053 
0.1800 0.1235 0.2908 0.3174 0.3150 
0.1900 0.1281 0.2995 0.3278 0.3190 
0.2000 0.1315 0.3042 0.3393 0.3264 
0.2100 0.1343 0.3129 0.3446 0.3367 
0.2200 0.1386 0.3178 0.3490 0.3460 
0.2300 0.1434 0.3281 0.3558 0.3550 
0.2400 0.1477 0.3358 0.3598 0.3605 
0.2500 0.1515 0.3396 0.3641 0.3679 
0.2600 0.1561 0.3431 0.3707 0.3764 
0.2700 0.1612 0.3458 0.3790 0.3800 
0.2800 0.1656 0.3465 0.3841 0.3840 
0.2900 0.1691 0.3484 0.3890 0.3857 
0.3000 0.1713 0.3553 0.3927 0.3886 
0.3100 0.1738 0.3605 0.3977 0.3919 
0.3200 0.1779 0.3640 0.4035 0.3974 
0.3300 0.1816 0.3664 0.4069 0.4013 
0.3400 0.1839 0.3691 0.4100 0.4079 
0.3500 0.1860 0.3724 0.4124 0.4115 
0.3600 0.1878 0.3745 0.4150 0.4151 
0.3700 0.1898 0.3768 0.4177 0.4192 
0.3800 0.1921 0.3776 0.4209 0.4229 
0.3900 0.1942 0.3793 0.4223 0.4312 
0.4000 0.1956 0.3801 0.4268 0.4357 
0.4100 0.1968 0.3818 0.4308 0.4368 
0.4200 0.1982 0.3841 0.4322 0.4426 
0.4300 0.1992 0.3866 0.4350 0.4476 
0.4400 0.2003 0.3910 0.4392 0.4523 
0.4500 0.2016 0.3931 0.4413 0.4569 
0.4600 0.2031 0.3964 0.4419 0.4584 
0.4700 0.2046 0.3978 0.4441 0.4619 
0.4800 0.2066 0.4006 0.4480 0.4640 
0.4900 0.2087 0.4026 0.4544 0.4656 
0.5000 0.2105 0.4062 0.4566 0.4683 
0.5100 0.2126 0.4110 0.4589 0.4731 
0.5200 0.2149 0.4156 0.4630 0.4785 
0.5300 0.2171 0.4192 0.4661 0.4808 
0.5400 0.2190 0.4212 0.4680 0.4849 
0.5500 0.2204 0.4234 0.4718 0.4889 
0.5600 0.2215 0.4259 0.4735 0.4913 
0.5700 0.2224 0.4281 0.4744 0.4931 
0.5800 0.2241 0.4286 0.4774 0.4945 
0.5900 0.2264 0.4301 0.4805 0.4973 
0.6000 0.2286 0.4340 0.4839 0.5008 
0.6100 0.2306 0.4378 0.4857 0.5046 
0.6200 0.2321 0.4405 0.4860 0.5073 
0.6300 0.2339 0.4449 0.4860 0.5102 
0.6400 0.2360 0.4474 0.4862 0.5133 
0.6500 0.2383 0.4496 0.4872 0.5180 
0.6600 0.2407 0.4518 0.4885 0.5223 
0.6700 0.2428 0.4540 0.4912 0.5236 
0.6800 0.2448 0.4555 0.4935 0.5254 
0.6900 0.2462 0.4559 0.4951 0.5275 
0.7000 0.2474 0.4583 0.4969 0.5318 
0.7100 0.2486 0.4595 0.4978 0.5345 
0.7200 0.2495 0.4609 0.4986 0.5377 
0.7300 0.2507 0.4630 0.5018 0.5392 
0.7400 0.2519 0.4649 0.5042 0.5403 
0.7500 0.2532 0.4669 0.5053 0.5445 
0.7600 0.2548 0.4685 0.5062 0.5485 
0.7700 0.2566 0.4694 0.5083 0.5516 
0.7800 0.2585 0.4720 0.5103 0.5543 
0.7900 0.2602 0.4742 0.5122 0.5569 
0.8000 0.2617 0.4763 0.5132 0.5583 
0.8100 0.2632 0.4784 0.5144 0.5596 
0.8200 0.2647 0.4804 0.5164 0.5610 
0.8300 0.2662 0.4828 0.5180 0.5627 
0.8400 0.2679 0.4866 0.5195 0.5646 
0.8500 0.2696 0.4908 0.5224 0.5663 
0.8600 0.2710 0.4954 0.5247 0.5676 
0.8700 0.2725 0.4982 0.5263 0.5694 
0.8800 0.2739 0.5004 0.5281 0.5715 
0.8900 0.2752 0.5019 0.5298 0.5745 
0.9000 0.2765 0.5029 0.5307 0.5763 
0.9100 0.2780 0.5039 0.5315 0.5770 
0.9200 0.2797 0.5046 0.5330 0.5776 
0.9300 0.2815 0.5051 0.5346 0.5781 
0.9400 0.2831 0.5069 0.5374 0.5790 
0.9500 0.2847 0.5096 0.5404 0.5802 
0.9600 0.2864 0.5110 0.5410 0.5810 
0.9700 0.2878 0.5137 0.5420 0.5814 
0.9800 0.2888 0.5156 0.5433 0.5832 
0.9900 0.2898 0.5173 0.5441 0.5844 
1.0000 0.2904 0.5193 0.5457 0.5850 
