0.0000 0.0010 0.0060 0.0060 0.0060 
0.0100 0.0175 0.0230 0.0240 0.0240 
0.0200 0.0265 0.0395 0.0377 0.0423 
0.0300 0.0347 0.0532 0.0630 0.0620 
0.0400 0.0400 0.0685 0.0843 0.0858 
0.0500 0.0436 0.0802 0.1115 0.1023 
0.0600 0.0503 0.0964 0.1270 0.1288 
0.0700 0.0565 0.1202 0.1455 0.1413 
0.0800 0.0616 0.1324 0.1632 0.1542 
0.0900 0.0659 0.1442 0.1750 0.1685 
0.1000 0.0731 0.1665 0.1822 0.1785 
0.1100 0.0819 0.1720 0.1907 0.1857 
0.1200 0.0870 0.1844 0.1942 0.2092 
0.1300 0.0924 0.1898 0.2045 0.2165 
0.1400 0.0966 0.1929 0.2179 0.2207 
0.1500 0.1018 0.1957 0.2260 0.2265 
0.1600 0.1060 0.2011 0.2283 0.2330 
0.1700 0.1103 0.2022 0.2326 0.2436 
0.1800 0.1143 0.2044 0.2374 0.2528 
0.1900 0.1178 0.2124 0.2476 0.2590 
0.2000 0.1216 0.2239 0.2562 0.2617 
0.2100 0.1264 0.2320 0.2649 0.2681 
0.2200 0.1322 0.2356 0.2730 0.2760 
0.2300 0.1380 0.2380 0.2774 0.2859 
0.2400 0.1424 0.2441 0.2869 0.2985 
0.2500 0.1463 0.2493 0.2909 0.3041 
0.2600 0.1507 0.2519 0.3005 0.3093 
0.2700 0.1548 0.2596 0.3056 0.3110 
0.2800 0.1594 0.2631 0.3143 0.3139 
0.2900 0.1631 0.2668 0.3174 0.3179 
0.3000 0.1659 0.2732 0.3184 0.3220 
0.3100 0.1695 0.2779 0.3223 0.3279 
0.3200 0.1729 0.2802 0.3247 0.3309 
0.3300 0.1769 0.2854 0.3266 0.3385 
0.3400 0.1806 0.2873 0.3281 0.3443 
0.3500 0.1843 0.2892 0.3312 0.3467 
0.3600 0.1864 0.2925 0.3344 0.3502 
0.3700 0.1884 0.2956 0.3384 0.3553 
0.3800 0.1902 0.2975 0.3431 0.3572 
0.3900 0.1921 0.2988 0.3465 0.3596 
0.4000 0.1949 0.3003 0.3513 0.3615 
0.4100 0.1977 0.3008 0.3548 0.3633 
0.4200 0.2011 0.3034 0.3550 0.3658 
0.4300 0.2041 0.3055 0.3566 0.3697 
0.4400 0.2067 0.3074 0.3591 0.3740 
0.4500 0.2093 0.3108 0.3619 0.3783 
0.4600 0.2120 0.3178 0.3656 0.3817 
0.4700 0.2147 0.3203 0.3668 0.3861 
0.4800 0.2176 0.3242 0.3691 0.3913 
0.4900 0.2202 0.3281 0.3737 0.3974 
0.5000 0.2220 0.3307 0.3775 0.4046 
0.5100 0.2232 0.3325 0.3799 0.4109 
0.5200 0.2242 0.3354 0.3832 0.4135 
0.5300 0.2250 0.3386 0.3871 0.4159 
0.5400 0.2258 0.3421 0.3914 0.4188 
0.5500 0.2271 0.3470 0.3937 0.4251 
0.5600 0.2289 0.3496 0.3958 0.4307 
0.5700 0.2307 0.3512 0.3978 0.4340 
0.5800 0.2327 0.3536 0.3987 0.4361 
0.5900 0.2342 0.3583 0.3998 0.4379 
0.6000 0.2354 0.3603 0.4036 0.4394 
0.6100 0.2365 0.3624 0.4072 0.4432 
0.6200 0.2370 0.3646 0.4113 0.4462 
0.6300 0.2376 0.3708 0.4142 0.4478 
0.6400 0.2387 0.3717 0.4172 0.4502 
0.6500 0.2400 0.3738 0.4194 0.4526 
0.6600 0.2416 0.3742 0.4215 0.4547 
0.6700 0.2433 0.3773 0.4241 0.4571 
0.6800 0.2450 0.3808 0.4256 0.4608 
0.6900 0.2461 0.3822 0.4288 0.4661 
0.7000 0.2471 0.3857 0.4321 0.4695 
0.7100 0.2483 0.3888 0.4352 0.4726 
0.7200 0.2493 0.3938 0.4394 0.4804 
0.7300 0.2504 0.3957 0.4446 0.4847 
0.7400 0.2515 0.3990 0.4477 0.4869 
0.7500 0.2525 0.4001 0.4513 0.4896 
0.7600 0.2535 0.4010 0.4539 0.4921 
0.7700 0.2539 0.4028 0.4568 0.4940 
0.7800 0.2545 0.4045 0.4635 0.4950 
0.7900 0.2548 0.4073 0.4708 0.4965 
0.8000 0.2551 0.4091 0.4752 0.4996 
0.8100 0.2554 0.4114 0.4774 0.5018 
0.8200 0.2562 0.4144 0.4790 0.5047 
0.8300 0.2571 0.4170 0.4810 0.5078 
0.8400 0.2579 0.4193 0.4833 0.5094 
0.8500 0.2588 0.4247 0.4853 0.5140 
0.8600 0.2597 0.4266 0.4879 0.5158 
0.8700 0.2606 0.4278 0.4899 0.5169 
0.8800 0.2615 0.4292 0.4912 0.5180 
0.8900 0.2625 0.4311 0.4926 0.5191 
0.9000 0.2635 0.4339 0.4941 0.5196 
0.9100 0.2645 0.4359 0.4956 0.5206 
0.9200 0.2654 0.4384 0.4964 0.5210 
0.9300 0.2662 0.4397 0.4982 0.5212 
0.9400 0.2670 0.4407 0.5008 0.5247 
0.9500 0.2679 0.4430 0.5032 0.5299 
0.9600 0.2692 0.4471 0.5043 0.5325 
0.9700 0.2707 0.4505 0.5052 0.5336 
0.9800 0.2726 0.4536 0.5059 0.5349 
0.9900 0.2748 0.4556 0.5065 0.5362 
1.0000 0.2767 0.4585 0.5077 0.5370 
