0.0000 0.0020 0.0040 0.0040 0.0050 
0.0100 0.0140 0.0255 0.0317 0.0357 
0.0200 0.0317 0.0525 0.0585 0.0580 
0.0300 0.0380 0.0860 0.0895 0.0990 
0.0400 0.0403 0.1085 0.1150 0.1297 
0.0500 0.0476 0.1343 0.1445 0.1540 
0.0600 0.0531 0.1634 0.1720 0.1735 
0.0700 0.0616 0.1963 0.2020 0.2097 
0.0800 0.0738 0.2157 0.2305 0.2345 
0.0900 0.0840 0.2355 0.2531 0.2610 
0.1000 0.0914 0.2569 0.2673 0.2739 
0.1100 0.0975 0.2774 0.2858 0.2885 
0.1200 0.1017 0.2918 0.3056 0.3016 
0.1300 0.1067 0.3070 0.3206 0.3153 
0.1400 0.1148 0.3289 0.3333 0.3327 
0.1500 0.1219 0.3458 0.3460 0.3440 
0.1600 0.1278 0.3598 0.3564 0.3566 
0.1700 0.1327 0.3775 0.3690 0.3617 
0.1800 0.1388 0.3971 0.3851 0.3770 
0.1900 0.1457 0.4056 0.4011 0.3894 
0.2000 0.1529 0.4135 0.4121 0.4029 
0.2100 0.1599 0.4270 0.4274 0.4176 
0.2200 0.1643 0.4359 0.4358 0.4269 
0.2300 0.1703 0.4445 0.4424 0.4386 
0.2400 0.1764 0.4492 0.4442 0.4431 
0.2500 0.1803 0.4579 0.4486 0.4521 
0.2600 0.1830 0.4706 0.4527 0.4546 
0.2700 0.1880 0.4788 0.4590 0.4590 
0.2800 0.1945 0.4859 0.4650 0.4614 
0.2900 0.2014 0.4927 0.4701 0.4679 
0.3000 0.2086 0.4982 0.4767 0.4723 
0.3100 0.2131 0.5031 0.4815 0.4770 
0.3200 0.2167 0.5077 0.4908 0.4811 
0.3300 0.2221 0.5151 0.4943 0.4862 
0.3400 0.2275 0.5198 0.5008 0.4944 
0.3500 0.2320 0.5237 0.5108 0.4980 
0.3600 0.2365 0.5277 0.5224 0.5030 
0.3700 0.2403 0.5325 0.5256 0.5061 
0.3800 0.2430 0.5350 0.5318 0.5101 
0.3900 0.2457 0.5401 0.5340 0.5173 
0.4000 0.2485 0.5446 0.5391 0.5221 
0.4100 0.2532 0.5484 0.5410 0.5300 
0.4200 0.2562 0.5521 0.5431 0.5380 
0.4300 0.2593 0.5557 0.5443 0.5421 
0.4400 0.2628 0.5586 0.5478 0.5446 
0.4500 0.2665 0.5623 0.5514 0.5490 
0.4600 0.2698 0.5660 0.5552 0.5523 
0.4700 0.2728 0.5688 0.5607 0.5556 
0.4800 0.2757 0.5732 0.5650 0.5586 
0.4900 0.2795 0.5769 0.5670 0.5618 
0.5000 0.2842 0.5794 0.5682 0.5665 
0.5100 0.2896 0.5848 0.5715 0.5691 
0.5200 0.2943 0.5893 0.5748 0.5725 
0.5300 0.2984 0.5920 0.5785 0.5762 
0.5400 0.3023 0.5922 0.5832 0.5809 
0.5500 0.3048 0.5932 0.5866 0.5820 
0.5600 0.3080 0.5942 0.5891 0.5846 
0.5700 0.3115 0.5963 0.5919 0.5872 
0.5800 0.3157 0.5989 0.5930 0.5933 
0.5900 0.3205 0.6009 0.5941 0.5977 
0.6000 0.3241 0.6037 0.5952 0.5992 
0.6100 0.3266 0.6054 0.5964 0.6029 
0.6200 0.3289 0.6086 0.5976 0.6057 
0.6300 0.3309 0.6109 0.5995 0.6082 
0.6400 0.3325 0.6138 0.6004 0.6137 
0.6500 0.3349 0.6156 0.6019 0.6175 
0.6600 0.3381 0.6185 0.6042 0.6188 
0.6700 0.3427 0.6211 0.6077 0.6203 
0.6800 0.3469 0.6226 0.6098 0.6222 
0.6900 0.3503 0.6250 0.6113 0.6235 
0.7000 0.3539 0.6274 0.6136 0.6255 
0.7100 0.3571 0.6291 0.6158 0.6289 
0.7200 0.3599 0.6308 0.6187 0.6315 
0.7300 0.3620 0.6340 0.6206 0.6342 
0.7400 0.3636 0.6363 0.6224 0.6371 
0.7500 0.3654 0.6397 0.6250 0.6408 
0.7600 0.3675 0.6433 0.6294 0.6446 
0.7700 0.3700 0.6468 0.6327 0.6470 
0.7800 0.3722 0.6495 0.6349 0.6503 
0.7900 0.3739 0.6516 0.6365 0.6511 
0.8000 0.3757 0.6547 0.6385 0.6522 
0.8100 0.3777 0.6569 0.6405 0.6537 
0.8200 0.3798 0.6585 0.6436 0.6555 
0.8300 0.3817 0.6600 0.6443 0.6585 
0.8400 0.3834 0.6615 0.6447 0.6610 
0.8500 0.3860 0.6640 0.6458 0.6618 
0.8600 0.3891 0.6667 0.6480 0.6631 
0.8700 0.3921 0.6687 0.6510 0.6648 
0.8800 0.3954 0.6706 0.6535 0.6658 
0.8900 0.3992 0.6728 0.6555 0.6677 
0.9000 0.4018 0.6747 0.6583 0.6690 
0.9100 0.4035 0.6759 0.6622 0.6705 
0.9200 0.4055 0.6771 0.6638 0.6730 
0.9300 0.4074 0.6783 0.6662 0.6766 
0.9400 0.4098 0.6799 0.6680 0.6781 
0.9500 0.4125 0.6811 0.6691 0.6785 
0.9600 0.4144 0.6821 0.6709 0.6801 
0.9700 0.4163 0.6844 0.6734 0.6822 
0.9800 0.4184 0.6864 0.6753 0.6832 
0.9900 0.4212 0.6880 0.6761 0.6842 
1.0000 0.4243 0.6893 0.6770 0.6860 
