0.0000 0.0000 0.0000 0.0000 0.0000 
0.0100 0.0001 0.0000 0.0000 0.0000 
0.0200 0.0015 0.0030 0.0030 0.0018 
0.0300 0.0038 0.0066 0.0060 0.0065 
0.0400 0.0076 0.0132 0.0122 0.0127 
0.0500 0.0117 0.0172 0.0175 0.0177 
0.0600 0.0165 0.0241 0.0230 0.0270 
0.0700 0.0215 0.0277 0.0300 0.0333 
0.0800 0.0258 0.0354 0.0409 0.0394 
0.0900 0.0302 0.0463 0.0461 0.0479 
0.1000 0.0352 0.0543 0.0531 0.0538 
0.1100 0.0402 0.0581 0.0595 0.0620 
0.1200 0.0446 0.0621 0.0650 0.0672 
0.1300 0.0494 0.0741 0.0687 0.0715 
0.1400 0.0546 0.0800 0.0756 0.0770 
0.1500 0.0609 0.0855 0.0878 0.0877 
0.1600 0.0669 0.0973 0.0984 0.1002 
0.1700 0.0741 0.1026 0.1070 0.1117 
0.1800 0.0797 0.1056 0.1085 0.1190 
0.1900 0.0850 0.1148 0.1199 0.1275 
0.2000 0.0914 0.1237 0.1294 0.1363 
0.2100 0.0970 0.1306 0.1347 0.1423 
0.2200 0.1011 0.1427 0.1392 0.1436 
0.2300 0.1054 0.1451 0.1459 0.1506 
0.2400 0.1099 0.1494 0.1478 0.1575 
0.2500 0.1146 0.1557 0.1532 0.1621 
0.2600 0.1195 0.1626 0.1586 0.1678 
0.2700 0.1242 0.1675 0.1646 0.1698 
0.2800 0.1292 0.1719 0.1720 0.1720 
0.2900 0.1345 0.1789 0.1746 0.1738 
0.3000 0.1400 0.1846 0.1790 0.1799 
0.3100 0.1450 0.1893 0.1866 0.1852 
0.3200 0.1487 0.1929 0.1916 0.1900 
0.3300 0.1522 0.1983 0.1952 0.1958 
0.3400 0.1551 0.2033 0.2009 0.2028 
0.3500 0.1578 0.2074 0.2056 0.2035 
0.3600 0.1605 0.2107 0.2095 0.2102 
0.3700 0.1631 0.2145 0.2140 0.2146 
0.3800 0.1659 0.2170 0.2175 0.2154 
0.3900 0.1693 0.2234 0.2226 0.2207 
0.4000 0.1727 0.2270 0.2265 0.2251 
0.4100 0.1758 0.2321 0.2315 0.2290 
0.4200 0.1782 0.2361 0.2357 0.2341 
0.4300 0.1803 0.2377 0.2394 0.2366 
0.4400 0.1828 0.2394 0.2424 0.2396 
0.4500 0.1854 0.2422 0.2446 0.2486 
0.4600 0.1881 0.2474 0.2462 0.2525 
0.4700 0.1909 0.2536 0.2507 0.2608 
0.4800 0.1938 0.2589 0.2538 0.2663 
0.4900 0.1978 0.2639 0.2563 0.2692 
0.5000 0.2019 0.2665 0.2584 0.2718 
0.5100 0.2053 0.2708 0.2615 0.2752 
0.5200 0.2085 0.2728 0.2634 0.2767 
0.5300 0.2115 0.2751 0.2674 0.2797 
0.5400 0.2136 0.2786 0.2728 0.2841 
0.5500 0.2159 0.2810 0.2769 0.2878 
0.5600 0.2181 0.2828 0.2796 0.2896 
0.5700 0.2207 0.2856 0.2809 0.2918 
0.5800 0.2235 0.2899 0.2829 0.2936 
0.5900 0.2267 0.2956 0.2851 0.2977 
0.6000 0.2300 0.3000 0.2879 0.2998 
0.6100 0.2334 0.3024 0.2912 0.3047 
0.6200 0.2368 0.3047 0.2933 0.3075 
0.6300 0.2407 0.3063 0.2970 0.3113 
0.6400 0.2438 0.3083 0.3012 0.3136 
0.6500 0.2465 0.3101 0.3033 0.3165 
0.6600 0.2491 0.3117 0.3048 0.3199 
0.6700 0.2515 0.3150 0.3065 0.3206 
0.6800 0.2540 0.3182 0.3087 0.3222 
0.6900 0.2566 0.3218 0.3120 0.3238 
0.7000 0.2590 0.3272 0.3151 0.3246 
0.7100 0.2611 0.3310 0.3181 0.3260 
0.7200 0.2631 0.3341 0.3216 0.3279 
0.7300 0.2654 0.3373 0.3260 0.3307 
0.7400 0.2676 0.3412 0.3279 0.3349 
0.7500 0.2699 0.3433 0.3314 0.3381 
0.7600 0.2722 0.3455 0.3336 0.3411 
0.7700 0.2743 0.3479 0.3352 0.3436 
0.7800 0.2765 0.3510 0.3360 0.3454 
0.7900 0.2786 0.3536 0.3374 0.3492 
0.8000 0.2810 0.3561 0.3407 0.3518 
0.8100 0.2835 0.3579 0.3437 0.3534 
0.8200 0.2857 0.3598 0.3476 0.3545 
0.8300 0.2876 0.3612 0.3508 0.3550 
0.8400 0.2894 0.3632 0.3535 0.3551 
0.8500 0.2912 0.3653 0.3563 0.3563 
0.8600 0.2932 0.3669 0.3598 0.3577 
0.8700 0.2953 0.3697 0.3632 0.3595 
0.8800 0.2974 0.3711 0.3666 0.3629 
0.8900 0.2995 0.3726 0.3682 0.3661 
0.9000 0.3012 0.3760 0.3691 0.3691 
0.9100 0.3028 0.3789 0.3703 0.3723 
0.9200 0.3045 0.3809 0.3720 0.3754 
0.9300 0.3059 0.3827 0.3730 0.3773 
0.9400 0.3073 0.3845 0.3740 0.3793 
0.9500 0.3087 0.3860 0.3757 0.3820 
0.9600 0.3099 0.3872 0.3779 0.3840 
0.9700 0.3112 0.3887 0.3789 0.3856 
0.9800 0.3124 0.3904 0.3804 0.3868 
0.9900 0.3137 0.3922 0.3815 0.3895 
1.0000 0.3150 0.3947 0.3835 0.3939 
