0.0000 0.0000 0.0000 0.0000 0.0000 
0.0100 0.0012 0.0016 0.0012 0.0022 
0.0200 0.0025 0.0032 0.0034 0.0048 
0.0300 0.0051 0.0074 0.0108 0.0124 
0.0400 0.0097 0.0138 0.0192 0.0170 
0.0500 0.0153 0.0266 0.0257 0.0199 
0.0600 0.0201 0.0349 0.0280 0.0240 
0.0700 0.0241 0.0362 0.0320 0.0273 
0.0800 0.0278 0.0365 0.0325 0.0322 
0.0900 0.0304 0.0368 0.0373 0.0400 
0.1000 0.0324 0.0371 0.0415 0.0452 
0.1100 0.0338 0.0377 0.0481 0.0474 
0.1200 0.0348 0.0386 0.0507 0.0495 
0.1300 0.0360 0.0403 0.0564 0.0508 
0.1400 0.0380 0.0440 0.0619 0.0527 
0.1500 0.0411 0.0466 0.0658 0.0540 
0.1600 0.0444 0.0514 0.0712 0.0565 
0.1700 0.0483 0.0557 0.0771 0.0573 
0.1800 0.0523 0.0615 0.0789 0.0603 
0.1900 0.0571 0.0684 0.0810 0.0691 
0.2000 0.0618 0.0774 0.0848 0.0741 
0.2100 0.0662 0.0869 0.0877 0.0830 
0.2200 0.0702 0.0910 0.0907 0.0860 
0.2300 0.0743 0.0930 0.0940 0.0898 
0.2400 0.0776 0.0968 0.0965 0.0928 
0.2500 0.0803 0.0988 0.0979 0.0971 
0.2600 0.0828 0.0999 0.1000 0.0982 
0.2700 0.0849 0.1009 0.1011 0.0993 
0.2800 0.0871 0.1017 0.1040 0.1002 
0.2900 0.0893 0.1025 0.1069 0.1024 
0.3000 0.0911 0.1032 0.1086 0.1044 
0.3100 0.0930 0.1037 0.1107 0.1062 
0.3200 0.0948 0.1040 0.1123 0.1090 
0.3300 0.0966 0.1040 0.1141 0.1110 
0.3400 0.0984 0.1043 0.1164 0.1192 
0.3500 0.0998 0.1047 0.1190 0.1212 
0.3600 0.1011 0.1054 0.1217 0.1234 
0.3700 0.1024 0.1062 0.1237 0.1264 
0.3800 0.1038 0.1070 0.1252 0.1301 
0.3900 0.1051 0.1079 0.1285 0.1332 
0.4000 0.1062 0.1086 0.1315 0.1362 
0.4100 0.1072 0.1092 0.1338 0.1391 
0.4200 0.1083 0.1110 0.1362 0.1411 
0.4300 0.1094 0.1119 0.1392 0.1462 
0.4400 0.1105 0.1130 0.1410 0.1479 
0.4500 0.1116 0.1139 0.1433 0.1502 
0.4600 0.1126 0.1153 0.1451 0.1524 
0.4700 0.1140 0.1167 0.1491 0.1543 
0.4800 0.1157 0.1182 0.1510 0.1546 
0.4900 0.1172 0.1200 0.1533 0.1549 
0.5000 0.1187 0.1240 0.1581 0.1566 
0.5100 0.1202 0.1294 0.1638 0.1588 
0.5200 0.1217 0.1352 0.1683 0.1591 
0.5300 0.1234 0.1377 0.1707 0.1601 
0.5400 0.1250 0.1427 0.1730 0.1625 
0.5500 0.1267 0.1487 0.1754 0.1647 
0.5600 0.1284 0.1520 0.1792 0.1669 
0.5700 0.1301 0.1531 0.1821 0.1696 
0.5800 0.1317 0.1538 0.1852 0.1726 
0.5900 0.1334 0.1561 0.1880 0.1763 
0.6000 0.1349 0.1586 0.1897 0.1816 
0.6100 0.1362 0.1598 0.1919 0.1851 
0.6200 0.1376 0.1601 0.1948 0.1894 
0.6300 0.1390 0.1604 0.1986 0.1944 
0.6400 0.1404 0.1609 0.2024 0.1979 
0.6500 0.1417 0.1614 0.2059 0.2003 
0.6600 0.1431 0.1620 0.2091 0.2014 
0.6700 0.1447 0.1625 0.2118 0.2037 
0.6800 0.1464 0.1631 0.2143 0.2079 
0.6900 0.1482 0.1635 0.2168 0.2105 
0.7000 0.1498 0.1641 0.2193 0.2132 
0.7100 0.1514 0.1646 0.2213 0.2157 
0.7200 0.1531 0.1653 0.2233 0.2190 
0.7300 0.1546 0.1681 0.2271 0.2218 
0.7400 0.1564 0.1689 0.2321 0.2249 
0.7500 0.1585 0.1695 0.2369 0.2314 
0.7600 0.1605 0.1703 0.2398 0.2345 
0.7700 0.1619 0.1712 0.2420 0.2379 
0.7800 0.1630 0.1720 0.2449 0.2405 
0.7900 0.1639 0.1730 0.2474 0.2426 
0.8000 0.1649 0.1761 0.2483 0.2451 
0.8100 0.1659 0.1781 0.2494 0.2477 
0.8200 0.1669 0.1788 0.2509 0.2509 
0.8300 0.1681 0.1796 0.2527 0.2522 
0.8400 0.1693 0.1804 0.2551 0.2529 
0.8500 0.1705 0.1812 0.2578 0.2531 
0.8600 0.1718 0.1828 0.2611 0.2559 
0.8700 0.1731 0.1845 0.2645 0.2601 
0.8800 0.1744 0.1866 0.2671 0.2642 
0.8900 0.1758 0.1887 0.2696 0.2653 
0.9000 0.1771 0.1904 0.2726 0.2664 
0.9100 0.1785 0.1922 0.2757 0.2680 
0.9200 0.1798 0.1947 0.2784 0.2703 
0.9300 0.1812 0.1981 0.2808 0.2725 
0.9400 0.1825 0.2012 0.2831 0.2756 
0.9500 0.1839 0.2038 0.2856 0.2770 
0.9600 0.1852 0.2059 0.2884 0.2788 
0.9700 0.1866 0.2074 0.2904 0.2804 
0.9800 0.1880 0.2084 0.2925 0.2811 
0.9900 0.1895 0.2094 0.2951 0.2829 
1.0000 0.1908 0.2106 0.2971 0.2855 
