0.0000 0.0010 0.0030 0.0030 0.0030 
0.0100 0.0157 0.0225 0.0260 0.0215 
0.0200 0.0296 0.0315 0.0345 0.0325 
0.0300 0.0344 0.0412 0.0510 0.0520 
0.0400 0.0409 0.0523 0.0817 0.0815 
0.0500 0.0478 0.0633 0.1151 0.1163 
0.0600 0.0574 0.0844 0.1496 0.1490 
0.0700 0.0644 0.0996 0.1847 0.1858 
0.0800 0.0683 0.1232 0.2110 0.2044 
0.0900 0.0700 0.1384 0.2265 0.2253 
0.1000 0.0723 0.1520 0.2447 0.2330 
0.1100 0.0744 0.1643 0.2640 0.2496 
0.1200 0.0760 0.1758 0.2765 0.2673 
0.1300 0.0780 0.1884 0.2797 0.2863 
0.1400 0.0810 0.2029 0.2863 0.2995 
0.1500 0.0834 0.2128 0.2949 0.3077 
0.1600 0.0852 0.2270 0.3037 0.3217 
0.1700 0.0876 0.2406 0.3148 0.3318 
0.1800 0.0909 0.2458 0.3300 0.3413 
0.1900 0.0935 0.2564 0.3308 0.3526 
0.2000 0.0958 0.2672 0.3387 0.3596 
0.2100 0.0980 0.2772 0.3451 0.3732 
0.2200 0.1005 0.2885 0.3544 0.3798 
0.2300 0.1043 0.2959 0.3607 0.3833 
0.2400 0.1090 0.3003 0.3647 0.3864 
0.2500 0.1135 0.3077 0.3702 0.3945 
0.2600 0.1183 0.3135 0.3762 0.3998 
0.2700 0.1226 0.3215 0.3856 0.4071 
0.2800 0.1265 0.3283 0.3924 0.4139 
0.2900 0.1299 0.3336 0.4024 0.4207 
0.3000 0.1330 0.3404 0.4111 0.4268 
0.3100 0.1359 0.3446 0.4173 0.4332 
0.3200 0.1389 0.3493 0.4268 0.4388 
0.3300 0.1419 0.3540 0.4358 0.4449 
0.3400 0.1444 0.3568 0.4412 0.4546 
0.3500 0.1467 0.3600 0.4493 0.4594 
0.3600 0.1488 0.3644 0.4556 0.4645 
0.3700 0.1512 0.3683 0.4660 0.4694 
0.3800 0.1538 0.3728 0.4765 0.4775 
0.3900 0.1565 0.3777 0.4818 0.4828 
0.4000 0.1594 0.3840 0.4844 0.4864 
0.4100 0.1635 0.3928 0.4887 0.4906 
0.4200 0.1678 0.3988 0.4942 0.4949 
0.4300 0.1719 0.4028 0.5033 0.5038 
0.4400 0.1762 0.4081 0.5099 0.5101 
0.4500 0.1805 0.4157 0.5147 0.5146 
0.4600 0.1840 0.4237 0.5210 0.5171 
0.4700 0.1874 0.4308 0.5288 0.5229 
0.4800 0.1908 0.4346 0.5348 0.5256 
0.4900 0.1941 0.4394 0.5405 0.5298 
0.5000 0.1967 0.4447 0.5451 0.5332 
0.5100 0.1987 0.4491 0.5496 0.5387 
0.5200 0.2007 0.4531 0.5521 0.5457 
0.5300 0.2024 0.4566 0.5541 0.5524 
0.5400 0.2040 0.4593 0.5575 0.5614 
0.5500 0.2056 0.4615 0.5600 0.5644 
0.5600 0.2071 0.4640 0.5619 0.5678 
0.5700 0.2089 0.4665 0.5650 0.5708 
0.5800 0.2106 0.4683 0.5675 0.5740 
0.5900 0.2126 0.4696 0.5700 0.5778 
0.6000 0.2149 0.4718 0.5733 0.5802 
0.6100 0.2177 0.4758 0.5774 0.5811 
0.6200 0.2205 0.4796 0.5805 0.5873 
0.6300 0.2234 0.4834 0.5823 0.5948 
0.6400 0.2269 0.4881 0.5837 0.5994 
0.6500 0.2302 0.4926 0.5855 0.6034 
0.6600 0.2327 0.4972 0.5889 0.6075 
0.6700 0.2349 0.5035 0.5939 0.6109 
0.6800 0.2371 0.5086 0.5958 0.6144 
0.6900 0.2394 0.5140 0.5961 0.6193 
0.7000 0.2418 0.5182 0.5965 0.6224 
0.7100 0.2444 0.5225 0.5981 0.6254 
0.7200 0.2475 0.5261 0.6015 0.6288 
0.7300 0.2509 0.5298 0.6048 0.6325 
0.7400 0.2544 0.5331 0.6094 0.6345 
0.7500 0.2575 0.5373 0.6133 0.6358 
0.7600 0.2603 0.5394 0.6158 0.6388 
0.7700 0.2627 0.5407 0.6181 0.6429 
0.7800 0.2650 0.5417 0.6205 0.6466 
0.7900 0.2670 0.5426 0.6227 0.6483 
0.8000 0.2692 0.5433 0.6255 0.6492 
0.8100 0.2709 0.5459 0.6285 0.6510 
0.8200 0.2726 0.5476 0.6306 0.6537 
0.8300 0.2743 0.5495 0.6310 0.6565 
0.8400 0.2756 0.5517 0.6317 0.6584 
0.8500 0.2767 0.5543 0.6340 0.6606 
0.8600 0.2780 0.5582 0.6364 0.6641 
0.8700 0.2795 0.5621 0.6375 0.6675 
0.8800 0.2809 0.5656 0.6391 0.6701 
0.8900 0.2821 0.5693 0.6414 0.6720 
0.9000 0.2839 0.5719 0.6430 0.6759 
0.9100 0.2857 0.5741 0.6457 0.6784 
0.9200 0.2873 0.5760 0.6493 0.6803 
0.9300 0.2887 0.5780 0.6522 0.6821 
0.9400 0.2900 0.5800 0.6543 0.6839 
0.9500 0.2913 0.5818 0.6567 0.6850 
0.9600 0.2922 0.5833 0.6584 0.6859 
0.9700 0.2930 0.5843 0.6595 0.6875 
0.9800 0.2936 0.5856 0.6600 0.6892 
0.9900 0.2945 0.5872 0.6619 0.6908 
1.0000 0.2957 0.5889 0.6646 0.6913 
