0.0000 0.0146 0.0285 0.0396 0.0403 
0.0100 0.0532 0.1137 0.1346 0.1490 
0.0200 0.0673 0.1480 0.1751 0.2003 
0.0300 0.0793 0.1749 0.2058 0.2255 
0.0400 0.0904 0.1956 0.2278 0.2505 
0.0500 0.0982 0.2129 0.2475 0.2719 
0.0600 0.1055 0.2277 0.2617 0.2910 
0.0700 0.1129 0.2402 0.2766 0.3054 
0.0800 0.1203 0.2518 0.2903 0.3168 
0.0900 0.1279 0.2628 0.2997 0.3283 
0.1000 0.1345 0.2736 0.3078 0.3388 
0.1100 0.1408 0.2828 0.3161 0.3477 
0.1200 0.1446 0.2917 0.3261 0.3577 
0.1300 0.1484 0.2999 0.3341 0.3658 
0.1400 0.1527 0.3078 0.3405 0.3736 
0.1500 0.1578 0.3152 0.3473 0.3822 
0.1600 0.1624 0.3226 0.3533 0.3900 
0.1700 0.1668 0.3297 0.3602 0.3959 
0.1800 0.1710 0.3363 0.3687 0.4021 
0.1900 0.1753 0.3428 0.3750 0.4079 
0.2000 0.1795 0.3493 0.3810 0.4145 
0.2100 0.1832 0.3553 0.3858 0.4193 
0.2200 0.1863 0.3610 0.3915 0.4259 
0.2300 0.1889 0.3666 0.3967 0.4330 
0.2400 0.1918 0.3718 0.4018 0.4382 
0.2500 0.1947 0.3768 0.4060 0.4434 
0.2600 0.1977 0.3815 0.4103 0.4493 
0.2700 0.2010 0.3859 0.4140 0.4556 
0.2800 0.2044 0.3902 0.4177 0.4619 
0.2900 0.2071 0.3943 0.4219 0.4676 
0.3000 0.2098 0.3985 0.4264 0.4728 
0.3100 0.2124 0.4025 0.4310 0.4765 
0.3200 0.2147 0.4065 0.4347 0.4807 
0.3300 0.2169 0.4105 0.4381 0.4845 
0.3400 0.2197 0.4146 0.4421 0.4876 
0.3500 0.2223 0.4185 0.4463 0.4919 
0.3600 0.2247 0.4222 0.4502 0.4952 
0.3700 0.2271 0.4258 0.4530 0.4999 
0.3800 0.2302 0.4295 0.4555 0.5035 
0.3900 0.2336 0.4331 0.4594 0.5075 
0.4000 0.2367 0.4367 0.4628 0.5097 
0.4100 0.2404 0.4402 0.4655 0.5123 
0.4200 0.2441 0.4435 0.4680 0.5161 
0.4300 0.2473 0.4468 0.4719 0.5204 
0.4400 0.2500 0.4500 0.4753 0.5237 
0.4500 0.2528 0.4532 0.4785 0.5264 
0.4600 0.2560 0.4564 0.4804 0.5292 
0.4700 0.2596 0.4596 0.4833 0.5322 
0.4800 0.2627 0.4628 0.4855 0.5350 
0.4900 0.2655 0.4658 0.4882 0.5377 
0.5000 0.2681 0.4687 0.4906 0.5409 
0.5100 0.2703 0.4715 0.4933 0.5435 
0.5200 0.2725 0.4742 0.4962 0.5463 
0.5300 0.2746 0.4769 0.4990 0.5497 
0.5400 0.2768 0.4795 0.5014 0.5543 
0.5500 0.2793 0.4821 0.5039 0.5583 
0.5600 0.2816 0.4847 0.5064 0.5603 
0.5700 0.2840 0.4873 0.5084 0.5632 
0.5800 0.2864 0.4898 0.5105 0.5661 
0.5900 0.2889 0.4923 0.5125 0.5688 
0.6000 0.2915 0.4947 0.5154 0.5712 
0.6100 0.2938 0.4972 0.5183 0.5738 
0.6200 0.2960 0.4995 0.5208 0.5756 
0.6300 0.2981 0.5018 0.5242 0.5773 
0.6400 0.3002 0.5040 0.5266 0.5796 
0.6500 0.3025 0.5061 0.5286 0.5832 
0.6600 0.3049 0.5082 0.5305 0.5859 
0.6700 0.3071 0.5103 0.5338 0.5884 
0.6800 0.3087 0.5123 0.5368 0.5907 
0.6900 0.3104 0.5143 0.5387 0.5929 
0.7000 0.3122 0.5163 0.5408 0.5946 
0.7100 0.3143 0.5183 0.5427 0.5963 
0.7200 0.3167 0.5203 0.5445 0.5979 
0.7300 0.3190 0.5223 0.5465 0.5991 
0.7400 0.3210 0.5243 0.5486 0.6007 
0.7500 0.3227 0.5263 0.5505 0.6021 
0.7600 0.3243 0.5284 0.5525 0.6042 
0.7700 0.3261 0.5304 0.5544 0.6058 
0.7800 0.3280 0.5325 0.5566 0.6074 
0.7900 0.3299 0.5345 0.5585 0.6092 
0.8000 0.3316 0.5365 0.5603 0.6109 
0.8100 0.3331 0.5385 0.5625 0.6130 
0.8200 0.3344 0.5405 0.5644 0.6153 
0.8300 0.3356 0.5425 0.5666 0.6174 
0.8400 0.3371 0.5444 0.5688 0.6189 
0.8500 0.3386 0.5465 0.5713 0.6199 
0.8600 0.3402 0.5484 0.5731 0.6213 
0.8700 0.3418 0.5504 0.5749 0.6226 
0.8800 0.3434 0.5523 0.5770 0.6235 
0.8900 0.3452 0.5542 0.5788 0.6252 
0.9000 0.3470 0.5561 0.5803 0.6263 
0.9100 0.3487 0.5579 0.5820 0.6277 
0.9200 0.3502 0.5597 0.5833 0.6293 
0.9300 0.3514 0.5614 0.5849 0.6314 
0.9400 0.3527 0.5632 0.5864 0.6327 
0.9500 0.3544 0.5648 0.5882 0.6343 
0.9600 0.3563 0.5665 0.5899 0.6360 
0.9700 0.3580 0.5682 0.5916 0.6375 
0.9800 0.3598 0.5699 0.5932 0.6393 
0.9900 0.3613 0.5715 0.5946 0.6407 
1.0000 0.3629 0.5731 0.5965 0.6420 
