0.0000 0.0000 0.0190 0.0270 0.0330 
0.0100 0.0247 0.0631 0.0755 0.0860 
0.0200 0.0402 0.0853 0.0980 0.1120 
0.0300 0.0641 0.1016 0.1115 0.1287 
0.0400 0.0857 0.1176 0.1250 0.1360 
0.0500 0.1022 0.1266 0.1345 0.1487 
0.0600 0.1197 0.1337 0.1470 0.1592 
0.0700 0.1290 0.1402 0.1560 0.1690 
0.0800 0.1384 0.1470 0.1647 0.1725 
0.0900 0.1512 0.1540 0.1688 0.1770 
0.1000 0.1603 0.1610 0.1730 0.1820 
0.1100 0.1692 0.1670 0.1807 0.1830 
0.1200 0.1715 0.1727 0.1915 0.1940 
0.1300 0.1752 0.1793 0.1990 0.2043 
0.1400 0.1827 0.1850 0.2028 0.2100 
0.1500 0.1891 0.1916 0.2086 0.2200 
0.1600 0.1932 0.1981 0.2156 0.2270 
0.1700 0.1990 0.2045 0.2216 0.2342 
0.1800 0.2010 0.2105 0.2308 0.2350 
0.1900 0.2078 0.2177 0.2373 0.2432 
0.2000 0.2157 0.2251 0.2461 0.2526 
0.2100 0.2219 0.2320 0.2508 0.2559 
0.2200 0.2253 0.2386 0.2577 0.2636 
0.2300 0.2285 0.2448 0.2630 0.2703 
0.2400 0.2316 0.2499 0.2711 0.2738 
0.2500 0.2355 0.2546 0.2756 0.2771 
0.2600 0.2384 0.2588 0.2778 0.2858 
0.2700 0.2418 0.2625 0.2796 0.2943 
0.2800 0.2463 0.2661 0.2839 0.3020 
0.2900 0.2528 0.2698 0.2867 0.3080 
0.3000 0.2576 0.2739 0.2881 0.3153 
0.3100 0.2609 0.2780 0.2929 0.3202 
0.3200 0.2635 0.2822 0.3007 0.3274 
0.3300 0.2664 0.2864 0.3038 0.3380 
0.3400 0.2699 0.2908 0.3105 0.3414 
0.3500 0.2729 0.2953 0.3134 0.3462 
0.3600 0.2764 0.2996 0.3181 0.3495 
0.3700 0.2802 0.3035 0.3221 0.3529 
0.3800 0.2847 0.3076 0.3263 0.3596 
0.3900 0.2894 0.3116 0.3302 0.3633 
0.4000 0.2925 0.3155 0.3318 0.3664 
0.4100 0.2970 0.3192 0.3361 0.3691 
0.4200 0.3021 0.3227 0.3383 0.3759 
0.4300 0.3067 0.3261 0.3405 0.3837 
0.4400 0.3108 0.3290 0.3449 0.3885 
0.4500 0.3149 0.3318 0.3508 0.3917 
0.4600 0.3192 0.3349 0.3557 0.3972 
0.4700 0.3238 0.3380 0.3578 0.3986 
0.4800 0.3284 0.3411 0.3625 0.4030 
0.4900 0.3310 0.3442 0.3658 0.4069 
0.5000 0.3334 0.3472 0.3693 0.4108 
0.5100 0.3353 0.3506 0.3709 0.4150 
0.5200 0.3369 0.3540 0.3728 0.4178 
0.5300 0.3388 0.3575 0.3782 0.4244 
0.5400 0.3411 0.3611 0.3824 0.4328 
0.5500 0.3433 0.3647 0.3851 0.4365 
0.5600 0.3449 0.3688 0.3891 0.4398 
0.5700 0.3467 0.3727 0.3925 0.4441 
0.5800 0.3493 0.3764 0.3955 0.4463 
0.5900 0.3524 0.3798 0.3997 0.4485 
0.6000 0.3553 0.3834 0.4019 0.4549 
0.6100 0.3581 0.3870 0.4064 0.4588 
0.6200 0.3608 0.3906 0.4103 0.4601 
0.6300 0.3640 0.3941 0.4148 0.4649 
0.6400 0.3674 0.3976 0.4201 0.4685 
0.6500 0.3721 0.4010 0.4239 0.4711 
0.6600 0.3765 0.4044 0.4266 0.4767 
0.6700 0.3801 0.4079 0.4331 0.4796 
0.6800 0.3819 0.4114 0.4386 0.4806 
0.6900 0.3840 0.4149 0.4405 0.4834 
0.7000 0.3858 0.4185 0.4456 0.4867 
0.7100 0.3875 0.4221 0.4474 0.4891 
0.7200 0.3894 0.4257 0.4482 0.4900 
0.7300 0.3935 0.4293 0.4496 0.4921 
0.7400 0.3974 0.4332 0.4549 0.4930 
0.7500 0.3993 0.4371 0.4592 0.4945 
0.7600 0.4013 0.4408 0.4625 0.4980 
0.7700 0.4043 0.4445 0.4659 0.4994 
0.7800 0.4074 0.4482 0.4705 0.5015 
0.7900 0.4108 0.4519 0.4737 0.5057 
0.8000 0.4140 0.4555 0.4755 0.5073 
0.8100 0.4163 0.4591 0.4769 0.5088 
0.8200 0.4174 0.4626 0.4778 0.5121 
0.8300 0.4178 0.4660 0.4807 0.5147 
0.8400 0.4188 0.4694 0.4831 0.5178 
0.8500 0.4206 0.4727 0.4870 0.5197 
0.8600 0.4230 0.4758 0.4901 0.5213 
0.8700 0.4251 0.4786 0.4917 0.5226 
0.8800 0.4268 0.4814 0.4935 0.5243 
0.8900 0.4289 0.4839 0.4959 0.5270 
0.9000 0.4307 0.4862 0.4975 0.5302 
0.9100 0.4327 0.4884 0.4983 0.5319 
0.9200 0.4346 0.4904 0.4988 0.5330 
0.9300 0.4354 0.4924 0.5012 0.5348 
0.9400 0.4362 0.4944 0.5037 0.5358 
0.9500 0.4371 0.4964 0.5047 0.5369 
0.9600 0.4390 0.4983 0.5056 0.5393 
0.9700 0.4405 0.5000 0.5073 0.5407 
0.9800 0.4419 0.5018 0.5079 0.5433 
0.9900 0.4430 0.5036 0.5102 0.5459 
1.0000 0.4439 0.5054 0.5146 0.5469 
