0.0000 0.0010 0.0190 0.0290 0.0290 
0.0100 0.0822 0.1722 0.1920 0.2035 
0.0200 0.1024 0.2127 0.2335 0.2540 
0.0300 0.1177 0.2352 0.2580 0.2790 
0.0400 0.1393 0.2566 0.2845 0.3103 
0.0500 0.1533 0.2790 0.3037 0.3270 
0.0600 0.1646 0.2957 0.3164 0.3435 
0.0700 0.1724 0.3090 0.3310 0.3645 
0.0800 0.1831 0.3223 0.3470 0.3740 
0.0900 0.1896 0.3374 0.3613 0.3863 
0.1000 0.1976 0.3510 0.3718 0.4025 
0.1100 0.2064 0.3605 0.3839 0.4130 
0.1200 0.2098 0.3700 0.3957 0.4269 
0.1300 0.2146 0.3780 0.4031 0.4348 
0.1400 0.2219 0.3855 0.4127 0.4428 
0.1500 0.2283 0.3910 0.4214 0.4498 
0.1600 0.2313 0.3963 0.4277 0.4570 
0.1700 0.2348 0.4019 0.4357 0.4633 
0.1800 0.2367 0.4084 0.4400 0.4703 
0.1900 0.2404 0.4160 0.4445 0.4728 
0.2000 0.2459 0.4234 0.4511 0.4802 
0.2100 0.2523 0.4300 0.4568 0.4899 
0.2200 0.2560 0.4369 0.4622 0.4950 
0.2300 0.2580 0.4437 0.4661 0.5051 
0.2400 0.2612 0.4493 0.4704 0.5129 
0.2500 0.2644 0.4547 0.4773 0.5185 
0.2600 0.2686 0.4597 0.4816 0.5218 
0.2700 0.2720 0.4646 0.4891 0.5311 
0.2800 0.2750 0.4692 0.4920 0.5377 
0.2900 0.2777 0.4729 0.4951 0.5421 
0.3000 0.2830 0.4761 0.4984 0.5448 
0.3100 0.2880 0.4792 0.5023 0.5467 
0.3200 0.2899 0.4823 0.5074 0.5519 
0.3300 0.2909 0.4854 0.5118 0.5596 
0.3400 0.2938 0.4886 0.5161 0.5610 
0.3500 0.2983 0.4917 0.5187 0.5640 
0.3600 0.3010 0.4947 0.5218 0.5665 
0.3700 0.3029 0.4977 0.5246 0.5748 
0.3800 0.3050 0.5009 0.5271 0.5811 
0.3900 0.3080 0.5041 0.5320 0.5874 
0.4000 0.3101 0.5073 0.5378 0.5903 
0.4100 0.3123 0.5105 0.5407 0.5939 
0.4200 0.3164 0.5137 0.5422 0.5993 
0.4300 0.3215 0.5169 0.5453 0.6067 
0.4400 0.3249 0.5202 0.5513 0.6110 
0.4500 0.3276 0.5236 0.5530 0.6145 
0.4600 0.3310 0.5272 0.5534 0.6172 
0.4700 0.3355 0.5308 0.5569 0.6234 
0.4800 0.3389 0.5341 0.5601 0.6270 
0.4900 0.3422 0.5371 0.5643 0.6279 
0.5000 0.3442 0.5399 0.5682 0.6313 
0.5100 0.3460 0.5424 0.5707 0.6333 
0.5200 0.3489 0.5450 0.5739 0.6358 
0.5300 0.3509 0.5475 0.5768 0.6398 
0.5400 0.3519 0.5501 0.5796 0.6456 
0.5500 0.3535 0.5523 0.5824 0.6512 
0.5600 0.3552 0.5548 0.5855 0.6555 
0.5700 0.3583 0.5574 0.5871 0.6593 
0.5800 0.3611 0.5600 0.5889 0.6627 
0.5900 0.3625 0.5625 0.5921 0.6640 
0.6000 0.3639 0.5651 0.5960 0.6662 
0.6100 0.3652 0.5678 0.5998 0.6721 
0.6200 0.3675 0.5704 0.6024 0.6736 
0.6300 0.3702 0.5728 0.6030 0.6758 
0.6400 0.3726 0.5752 0.6043 0.6799 
0.6500 0.3734 0.5775 0.6064 0.6840 
0.6600 0.3739 0.5799 0.6083 0.6860 
0.6700 0.3750 0.5823 0.6125 0.6880 
0.6800 0.3761 0.5846 0.6184 0.6892 
0.6900 0.3770 0.5863 0.6199 0.6898 
0.7000 0.3775 0.5880 0.6208 0.6929 
0.7100 0.3785 0.5895 0.6247 0.6954 
0.7200 0.3804 0.5910 0.6272 0.6981 
0.7300 0.3829 0.5927 0.6293 0.6990 
0.7400 0.3850 0.5943 0.6325 0.7023 
0.7500 0.3868 0.5958 0.6353 0.7043 
0.7600 0.3881 0.5974 0.6376 0.7070 
0.7700 0.3891 0.5990 0.6402 0.7081 
0.7800 0.3896 0.6007 0.6416 0.7096 
0.7900 0.3909 0.6024 0.6436 0.7120 
0.8000 0.3931 0.6042 0.6449 0.7144 
0.8100 0.3954 0.6060 0.6472 0.7160 
0.8200 0.3971 0.6078 0.6511 0.7175 
0.8300 0.3988 0.6096 0.6527 0.7192 
0.8400 0.4009 0.6115 0.6546 0.7201 
0.8500 0.4029 0.6134 0.6571 0.7208 
0.8600 0.4042 0.6154 0.6587 0.7219 
0.8700 0.4054 0.6175 0.6612 0.7230 
0.8800 0.4065 0.6198 0.6639 0.7237 
0.8900 0.4079 0.6221 0.6650 0.7240 
0.9000 0.4096 0.6244 0.6671 0.7248 
0.9100 0.4110 0.6267 0.6694 0.7263 
0.9200 0.4121 0.6289 0.6701 0.7283 
0.9300 0.4132 0.6311 0.6723 0.7312 
0.9400 0.4144 0.6333 0.6742 0.7334 
0.9500 0.4163 0.6354 0.6750 0.7356 
0.9600 0.4191 0.6376 0.6757 0.7385 
0.9700 0.4221 0.6397 0.6773 0.7404 
0.9800 0.4253 0.6418 0.6793 0.7421 
0.9900 0.4284 0.6440 0.6814 0.7436 
1.0000 0.4315 0.6462 0.6833 0.7443 
