0.0000 0.0670 0.0790 0.0970 0.1050 
0.0100 0.0983 0.2087 0.2295 0.2490 
0.0200 0.1187 0.2499 0.2795 0.3105 
0.0300 0.1315 0.2992 0.3225 0.3380 
0.0400 0.1421 0.3174 0.3477 0.3740 
0.0500 0.1493 0.3348 0.3605 0.3990 
0.0600 0.1551 0.3496 0.3718 0.4180 
0.0700 0.1617 0.3580 0.3822 0.4250 
0.0800 0.1648 0.3643 0.3910 0.4323 
0.0900 0.1712 0.3710 0.4007 0.4480 
0.1000 0.1772 0.3772 0.4070 0.4565 
0.1100 0.1850 0.3822 0.4110 0.4620 
0.1200 0.1921 0.3873 0.4155 0.4640 
0.1300 0.1954 0.3925 0.4192 0.4670 
0.1400 0.1991 0.3985 0.4221 0.4780 
0.1500 0.2105 0.4045 0.4250 0.4865 
0.1600 0.2219 0.4105 0.4254 0.4920 
0.1700 0.2311 0.4161 0.4335 0.4920 
0.1800 0.2416 0.4216 0.4383 0.4960 
0.1900 0.2481 0.4268 0.4437 0.5000 
0.2000 0.2522 0.4319 0.4486 0.5042 
0.2100 0.2536 0.4366 0.4538 0.5090 
0.2200 0.2565 0.4406 0.4562 0.5155 
0.2300 0.2609 0.4443 0.4597 0.5213 
0.2400 0.2647 0.4477 0.4631 0.5244 
0.2500 0.2668 0.4509 0.4644 0.5297 
0.2600 0.2693 0.4541 0.4677 0.5374 
0.2700 0.2737 0.4570 0.4704 0.5430 
0.2800 0.2776 0.4599 0.4743 0.5523 
0.2900 0.2780 0.4630 0.4780 0.5610 
0.3000 0.2804 0.4658 0.4807 0.5683 
0.3100 0.2834 0.4687 0.4839 0.5725 
0.3200 0.2864 0.4717 0.4854 0.5759 
0.3300 0.2877 0.4745 0.4872 0.5791 
0.3400 0.2883 0.4773 0.4906 0.5810 
0.3500 0.2905 0.4802 0.4929 0.5872 
0.3600 0.2910 0.4829 0.4930 0.5928 
0.3700 0.2914 0.4853 0.4940 0.5962 
0.3800 0.2930 0.4879 0.4966 0.5989 
0.3900 0.2939 0.4905 0.5010 0.6018 
0.4000 0.2943 0.4928 0.5027 0.6027 
0.4100 0.2957 0.4951 0.5046 0.6030 
0.4200 0.2979 0.4974 0.5062 0.6058 
0.4300 0.3007 0.4997 0.5077 0.6097 
0.4400 0.3033 0.5021 0.5080 0.6131 
0.4500 0.3051 0.5045 0.5104 0.6169 
0.4600 0.3068 0.5071 0.5113 0.6185 
0.4700 0.3091 0.5097 0.5161 0.6220 
0.4800 0.3120 0.5122 0.5174 0.6223 
0.4900 0.3157 0.5147 0.5192 0.6246 
0.5000 0.3187 0.5171 0.5199 0.6280 
0.5100 0.3210 0.5195 0.5232 0.6298 
0.5200 0.3225 0.5219 0.5270 0.6317 
0.5300 0.3245 0.5242 0.5286 0.6332 
0.5400 0.3270 0.5264 0.5317 0.6373 
0.5500 0.3286 0.5286 0.5343 0.6399 
0.5600 0.3302 0.5307 0.5350 0.6411 
0.5700 0.3317 0.5326 0.5364 0.6418 
0.5800 0.3334 0.5345 0.5403 0.6420 
0.5900 0.3363 0.5365 0.5415 0.6436 
0.6000 0.3395 0.5384 0.5441 0.6440 
0.6100 0.3427 0.5402 0.5462 0.6460 
0.6200 0.3455 0.5421 0.5483 0.6481 
0.6300 0.3475 0.5440 0.5532 0.6494 
0.6400 0.3496 0.5459 0.5552 0.6507 
0.6500 0.3519 0.5478 0.5572 0.6542 
0.6600 0.3537 0.5495 0.5599 0.6559 
0.6700 0.3554 0.5512 0.5633 0.6587 
0.6800 0.3571 0.5531 0.5660 0.6618 
0.6900 0.3592 0.5550 0.5686 0.6635 
0.7000 0.3614 0.5569 0.5716 0.6641 
0.7100 0.3639 0.5589 0.5737 0.6647 
0.7200 0.3660 0.5608 0.5768 0.6654 
0.7300 0.3672 0.5625 0.5801 0.6660 
0.7400 0.3682 0.5643 0.5809 0.6660 
0.7500 0.3689 0.5661 0.5812 0.6670 
0.7600 0.3698 0.5679 0.5831 0.6680 
0.7700 0.3710 0.5697 0.5854 0.6697 
0.7800 0.3720 0.5715 0.5872 0.6705 
0.7900 0.3720 0.5733 0.5884 0.6716 
0.8000 0.3722 0.5751 0.5908 0.6724 
0.8100 0.3726 0.5768 0.5957 0.6740 
0.8200 0.3737 0.5783 0.6001 0.6750 
0.8300 0.3752 0.5798 0.6017 0.6750 
0.8400 0.3768 0.5813 0.6025 0.6751 
0.8500 0.3785 0.5828 0.6035 0.6758 
0.8600 0.3803 0.5842 0.6053 0.6779 
0.8700 0.3818 0.5856 0.6073 0.6787 
0.8800 0.3827 0.5870 0.6107 0.6790 
0.8900 0.3844 0.5883 0.6140 0.6796 
0.9000 0.3860 0.5897 0.6157 0.6806 
0.9100 0.3881 0.5911 0.6172 0.6823 
0.9200 0.3902 0.5924 0.6192 0.6831 
0.9300 0.3919 0.5936 0.6199 0.6840 
0.9400 0.3933 0.5949 0.6205 0.6841 
0.9500 0.3949 0.5962 0.6220 0.6853 
0.9600 0.3964 0.5974 0.6234 0.6867 
0.9700 0.3971 0.5987 0.6247 0.6882 
0.9800 0.3979 0.6000 0.6258 0.6901 
0.9900 0.3992 0.6014 0.6262 0.6920 
1.0000 0.4006 0.6028 0.6271 0.6937 
