0.0000 0.0080 0.0520 0.0680 0.0660 
0.0100 0.0200 0.1328 0.1795 0.2328 
0.0200 0.0200 0.1700 0.2215 0.2905 
0.0300 0.0200 0.2072 0.2565 0.3157 
0.0400 0.0200 0.2338 0.2850 0.3475 
0.0500 0.0200 0.2544 0.3117 0.3760 
0.0600 0.0201 0.2697 0.3328 0.4010 
0.0700 0.0220 0.2845 0.3495 0.4153 
0.0800 0.0220 0.2967 0.3618 0.4218 
0.0900 0.0220 0.3070 0.3676 0.4357 
0.1000 0.0226 0.3169 0.3740 0.4415 
0.1100 0.0230 0.3248 0.3815 0.4493 
0.1200 0.0233 0.3331 0.3893 0.4560 
0.1300 0.0248 0.3414 0.3930 0.4608 
0.1400 0.0251 0.3504 0.3982 0.4675 
0.1500 0.0266 0.3590 0.4041 0.4758 
0.1600 0.0276 0.3669 0.4067 0.4838 
0.1700 0.0288 0.3745 0.4144 0.4908 
0.1800 0.0296 0.3811 0.4233 0.4972 
0.1900 0.0315 0.3870 0.4308 0.4987 
0.2000 0.0326 0.3932 0.4353 0.5050 
0.2100 0.0339 0.3996 0.4417 0.5094 
0.2200 0.0360 0.4059 0.4515 0.5130 
0.2300 0.0360 0.4121 0.4570 0.5206 
0.2400 0.0377 0.4179 0.4612 0.5262 
0.2500 0.0400 0.4237 0.4657 0.5280 
0.2600 0.0428 0.4292 0.4680 0.5296 
0.2700 0.0452 0.4337 0.4682 0.5313 
0.2800 0.0478 0.4387 0.4707 0.5350 
0.2900 0.0503 0.4439 0.4739 0.5395 
0.3000 0.0514 0.4489 0.4788 0.5429 
0.3100 0.0525 0.4526 0.4843 0.5456 
0.3200 0.0538 0.4561 0.4866 0.5463 
0.3300 0.0564 0.4596 0.4915 0.5472 
0.3400 0.0581 0.4630 0.4964 0.5490 
0.3500 0.0588 0.4665 0.5058 0.5536 
0.3600 0.0593 0.4700 0.5118 0.5549 
0.3700 0.0611 0.4736 0.5125 0.5572 
0.3800 0.0657 0.4774 0.5135 0.5599 
0.3900 0.0694 0.4812 0.5176 0.5618 
0.4000 0.0714 0.4847 0.5194 0.5638 
0.4100 0.0734 0.4888 0.5208 0.5665 
0.4200 0.0755 0.4934 0.5239 0.5703 
0.4300 0.0764 0.4980 0.5299 0.5730 
0.4400 0.0791 0.5024 0.5322 0.5758 
0.4500 0.0821 0.5064 0.5336 0.5760 
0.4600 0.0850 0.5102 0.5350 0.5779 
0.4700 0.0909 0.5140 0.5365 0.5816 
0.4800 0.0939 0.5179 0.5387 0.5855 
0.4900 0.0984 0.5214 0.5414 0.5907 
0.5000 0.1035 0.5242 0.5439 0.5930 
0.5100 0.1069 0.5272 0.5460 0.5934 
0.5200 0.1089 0.5300 0.5484 0.5960 
0.5300 0.1108 0.5327 0.5505 0.5978 
0.5400 0.1137 0.5351 0.5510 0.6001 
0.5500 0.1178 0.5376 0.5527 0.6047 
0.5600 0.1222 0.5400 0.5549 0.6073 
0.5700 0.1259 0.5426 0.5573 0.6092 
0.5800 0.1283 0.5452 0.5590 0.6119 
0.5900 0.1308 0.5477 0.5594 0.6136 
0.6000 0.1331 0.5499 0.5622 0.6151 
0.6100 0.1344 0.5520 0.5636 0.6170 
0.6200 0.1362 0.5537 0.5662 0.6201 
0.6300 0.1390 0.5555 0.5744 0.6222 
0.6400 0.1414 0.5573 0.5777 0.6259 
0.6500 0.1438 0.5591 0.5805 0.6288 
0.6600 0.1483 0.5609 0.5818 0.6305 
0.6700 0.1528 0.5627 0.5848 0.6326 
0.6800 0.1556 0.5644 0.5872 0.6345 
0.6900 0.1581 0.5659 0.5905 0.6362 
0.7000 0.1595 0.5675 0.5933 0.6382 
0.7100 0.1610 0.5693 0.5949 0.6407 
0.7200 0.1644 0.5711 0.5965 0.6410 
0.7300 0.1665 0.5730 0.5995 0.6423 
0.7400 0.1681 0.5750 0.6018 0.6445 
0.7500 0.1702 0.5770 0.6053 0.6453 
0.7600 0.1713 0.5791 0.6076 0.6485 
0.7700 0.1726 0.5812 0.6092 0.6516 
0.7800 0.1760 0.5831 0.6107 0.6540 
0.7900 0.1802 0.5850 0.6111 0.6551 
0.8000 0.1824 0.5869 0.6125 0.6557 
0.8100 0.1844 0.5888 0.6131 0.6596 
0.8200 0.1857 0.5908 0.6142 0.6618 
0.8300 0.1863 0.5928 0.6166 0.6622 
0.8400 0.1871 0.5949 0.6196 0.6630 
0.8500 0.1883 0.5971 0.6219 0.6652 
0.8600 0.1893 0.5990 0.6244 0.6664 
0.8700 0.1903 0.6010 0.6255 0.6669 
0.8800 0.1913 0.6028 0.6260 0.6681 
0.8900 0.1929 0.6046 0.6260 0.6700 
0.9000 0.1945 0.6064 0.6261 0.6713 
0.9100 0.1964 0.6082 0.6267 0.6736 
0.9200 0.1977 0.6099 0.6270 0.6754 
0.9300 0.1988 0.6116 0.6276 0.6774 
0.9400 0.2003 0.6132 0.6292 0.6795 
0.9500 0.2031 0.6148 0.6319 0.6812 
0.9600 0.2059 0.6164 0.6344 0.6822 
0.9700 0.2081 0.6180 0.6356 0.6833 
0.9800 0.2102 0.6195 0.6369 0.6850 
0.9900 0.2119 0.6211 0.6384 0.6866 
1.0000 0.2127 0.6226 0.6394 0.6885 
