0.0000 0.0020 0.0090 0.0100 0.0150 
0.0100 0.0306 0.0699 0.0820 0.1000 
0.0200 0.0470 0.1214 0.1447 0.1740 
0.0300 0.0573 0.1570 0.1813 0.1975 
0.0400 0.0686 0.1894 0.2123 0.2295 
0.0500 0.0775 0.2158 0.2430 0.2560 
0.0600 0.0872 0.2426 0.2603 0.2780 
0.0700 0.1001 0.2655 0.2878 0.2977 
0.0800 0.1170 0.2869 0.3084 0.3197 
0.0900 0.1336 0.3049 0.3233 0.3417 
0.1000 0.1459 0.3245 0.3400 0.3547 
0.1100 0.1561 0.3425 0.3515 0.3657 
0.1200 0.1652 0.3589 0.3580 0.3837 
0.1300 0.1745 0.3713 0.3717 0.3950 
0.1400 0.1844 0.3838 0.3820 0.4038 
0.1500 0.1913 0.3958 0.3956 0.4093 
0.1600 0.1992 0.4080 0.4091 0.4173 
0.1700 0.2056 0.4192 0.4187 0.4220 
0.1800 0.2130 0.4289 0.4290 0.4300 
0.1900 0.2187 0.4381 0.4341 0.4376 
0.2000 0.2251 0.4477 0.4419 0.4457 
0.2100 0.2323 0.4549 0.4489 0.4521 
0.2200 0.2380 0.4605 0.4528 0.4600 
0.2300 0.2430 0.4656 0.4556 0.4690 
0.2400 0.2475 0.4708 0.4590 0.4736 
0.2500 0.2509 0.4762 0.4624 0.4790 
0.2600 0.2543 0.4818 0.4705 0.4828 
0.2700 0.2577 0.4870 0.4777 0.4874 
0.2800 0.2605 0.4921 0.4844 0.4942 
0.2900 0.2629 0.4968 0.4909 0.5012 
0.3000 0.2657 0.5015 0.4942 0.5059 
0.3100 0.2681 0.5063 0.5007 0.5127 
0.3200 0.2721 0.5110 0.5045 0.5186 
0.3300 0.2773 0.5156 0.5078 0.5211 
0.3400 0.2828 0.5202 0.5101 0.5243 
0.3500 0.2872 0.5244 0.5119 0.5282 
0.3600 0.2922 0.5285 0.5155 0.5315 
0.3700 0.2964 0.5323 0.5200 0.5362 
0.3800 0.3003 0.5361 0.5216 0.5395 
0.3900 0.3048 0.5398 0.5248 0.5415 
0.4000 0.3119 0.5434 0.5309 0.5451 
0.4100 0.3200 0.5466 0.5350 0.5487 
0.4200 0.3274 0.5498 0.5384 0.5513 
0.4300 0.3319 0.5530 0.5413 0.5569 
0.4400 0.3361 0.5562 0.5474 0.5600 
0.4500 0.3403 0.5592 0.5548 0.5614 
0.4600 0.3455 0.5623 0.5560 0.5631 
0.4700 0.3496 0.5653 0.5588 0.5655 
0.4800 0.3530 0.5682 0.5602 0.5665 
0.4900 0.3555 0.5712 0.5632 0.5706 
0.5000 0.3577 0.5741 0.5650 0.5755 
0.5100 0.3605 0.5768 0.5664 0.5792 
0.5200 0.3646 0.5790 0.5691 0.5843 
0.5300 0.3685 0.5812 0.5735 0.5868 
0.5400 0.3714 0.5834 0.5759 0.5916 
0.5500 0.3749 0.5855 0.5770 0.5936 
0.5600 0.3773 0.5877 0.5795 0.5940 
0.5700 0.3800 0.5899 0.5827 0.5950 
0.5800 0.3837 0.5920 0.5836 0.6000 
0.5900 0.3885 0.5942 0.5856 0.6027 
0.6000 0.3944 0.5964 0.5878 0.6041 
0.6100 0.3992 0.5986 0.5911 0.6050 
0.6200 0.4025 0.6008 0.5920 0.6077 
0.6300 0.4051 0.6030 0.5939 0.6087 
0.6400 0.4077 0.6049 0.5955 0.6111 
0.6500 0.4107 0.6067 0.5967 0.6137 
0.6600 0.4133 0.6084 0.5983 0.6173 
0.6700 0.4157 0.6101 0.6015 0.6215 
0.6800 0.4178 0.6117 0.6034 0.6242 
0.6900 0.4197 0.6134 0.6053 0.6267 
0.7000 0.4225 0.6151 0.6060 0.6274 
0.7100 0.4254 0.6168 0.6067 0.6286 
0.7200 0.4275 0.6186 0.6081 0.6290 
0.7300 0.4295 0.6203 0.6102 0.6290 
0.7400 0.4311 0.6219 0.6117 0.6293 
0.7500 0.4331 0.6236 0.6129 0.6301 
0.7600 0.4359 0.6254 0.6133 0.6310 
0.7700 0.4387 0.6271 0.6145 0.6318 
0.7800 0.4413 0.6287 0.6154 0.6333 
0.7900 0.4431 0.6304 0.6171 0.6341 
0.8000 0.4446 0.6320 0.6180 0.6372 
0.8100 0.4460 0.6337 0.6195 0.6382 
0.8200 0.4474 0.6353 0.6205 0.6402 
0.8300 0.4494 0.6370 0.6212 0.6423 
0.8400 0.4512 0.6388 0.6220 0.6430 
0.8500 0.4521 0.6406 0.6233 0.6430 
0.8600 0.4532 0.6423 0.6247 0.6449 
0.8700 0.4549 0.6440 0.6269 0.6457 
0.8800 0.4565 0.6458 0.6297 0.6473 
0.8900 0.4588 0.6475 0.6319 0.6490 
0.9000 0.4607 0.6493 0.6331 0.6499 
0.9100 0.4627 0.6511 0.6344 0.6514 
0.9200 0.4649 0.6528 0.6354 0.6535 
0.9300 0.4672 0.6545 0.6367 0.6555 
0.9400 0.4699 0.6562 0.6380 0.6585 
0.9500 0.4730 0.6580 0.6399 0.6605 
0.9600 0.4753 0.6597 0.6414 0.6615 
0.9700 0.4770 0.6614 0.6426 0.6620 
0.9800 0.4780 0.6631 0.6437 0.6624 
0.9900 0.4786 0.6645 0.6453 0.6643 
1.0000 0.4790 0.6659 0.6484 0.6661 
