0.0000 0.0080 0.0120 0.0180 0.0140 
0.0100 0.0492 0.0609 0.0628 0.0670 
0.0200 0.0577 0.0764 0.0730 0.0893 
0.0300 0.0668 0.0885 0.0892 0.1045 
0.0400 0.0707 0.1008 0.1018 0.1225 
0.0500 0.0734 0.1123 0.1160 0.1370 
0.0600 0.0756 0.1258 0.1307 0.1498 
0.0700 0.0792 0.1384 0.1429 0.1650 
0.0800 0.0858 0.1487 0.1558 0.1851 
0.0900 0.0913 0.1581 0.1619 0.1938 
0.1000 0.0946 0.1661 0.1642 0.2040 
0.1100 0.0972 0.1725 0.1679 0.2110 
0.1200 0.1002 0.1789 0.1851 0.2158 
0.1300 0.1034 0.1852 0.1922 0.2243 
0.1400 0.1064 0.1913 0.1987 0.2288 
0.1500 0.1095 0.1972 0.2021 0.2392 
0.1600 0.1126 0.2030 0.2078 0.2466 
0.1700 0.1160 0.2080 0.2115 0.2492 
0.1800 0.1191 0.2127 0.2212 0.2547 
0.1900 0.1216 0.2177 0.2264 0.2642 
0.2000 0.1242 0.2227 0.2292 0.2680 
0.2100 0.1276 0.2271 0.2322 0.2703 
0.2200 0.1316 0.2315 0.2338 0.2795 
0.2300 0.1349 0.2361 0.2388 0.2811 
0.2400 0.1383 0.2406 0.2435 0.2842 
0.2500 0.1414 0.2449 0.2457 0.2927 
0.2600 0.1437 0.2490 0.2490 0.2965 
0.2700 0.1454 0.2528 0.2521 0.3032 
0.2800 0.1471 0.2564 0.2545 0.3091 
0.2900 0.1491 0.2603 0.2569 0.3146 
0.3000 0.1513 0.2653 0.2609 0.3221 
0.3100 0.1535 0.2703 0.2651 0.3233 
0.3200 0.1559 0.2754 0.2687 0.3254 
0.3300 0.1589 0.2805 0.2726 0.3266 
0.3400 0.1617 0.2854 0.2782 0.3307 
0.3500 0.1637 0.2901 0.2874 0.3338 
0.3600 0.1665 0.2947 0.2928 0.3367 
0.3700 0.1693 0.2997 0.2969 0.3424 
0.3800 0.1734 0.3045 0.3004 0.3451 
0.3900 0.1781 0.3093 0.3047 0.3529 
0.4000 0.1831 0.3140 0.3091 0.3545 
0.4100 0.1884 0.3185 0.3132 0.3574 
0.4200 0.1919 0.3220 0.3159 0.3614 
0.4300 0.1949 0.3250 0.3198 0.3636 
0.4400 0.1975 0.3279 0.3242 0.3650 
0.4500 0.1999 0.3309 0.3279 0.3698 
0.4600 0.2026 0.3339 0.3305 0.3746 
0.4700 0.2050 0.3370 0.3335 0.3773 
0.4800 0.2077 0.3402 0.3348 0.3810 
0.4900 0.2106 0.3434 0.3375 0.3819 
0.5000 0.2134 0.3466 0.3393 0.3845 
0.5100 0.2163 0.3494 0.3445 0.3870 
0.5200 0.2196 0.3521 0.3474 0.3900 
0.5300 0.2225 0.3549 0.3494 0.3916 
0.5400 0.2255 0.3576 0.3515 0.3947 
0.5500 0.2281 0.3600 0.3562 0.3980 
0.5600 0.2303 0.3625 0.3610 0.3983 
0.5700 0.2322 0.3650 0.3626 0.4020 
0.5800 0.2342 0.3674 0.3641 0.4075 
0.5900 0.2362 0.3697 0.3675 0.4149 
0.6000 0.2379 0.3720 0.3731 0.4176 
0.6100 0.2396 0.3744 0.3763 0.4190 
0.6200 0.2414 0.3767 0.3791 0.4199 
0.6300 0.2431 0.3789 0.3812 0.4216 
0.6400 0.2447 0.3809 0.3827 0.4244 
0.6500 0.2463 0.3830 0.3843 0.4307 
0.6600 0.2476 0.3851 0.3863 0.4348 
0.6700 0.2486 0.3871 0.3893 0.4378 
0.6800 0.2498 0.3892 0.3923 0.4405 
0.6900 0.2513 0.3914 0.3929 0.4447 
0.7000 0.2536 0.3938 0.3936 0.4459 
0.7100 0.2564 0.3961 0.3954 0.4470 
0.7200 0.2594 0.3984 0.3981 0.4489 
0.7300 0.2623 0.4008 0.4009 0.4510 
0.7400 0.2654 0.4031 0.4032 0.4524 
0.7500 0.2686 0.4055 0.4056 0.4542 
0.7600 0.2711 0.4079 0.4079 0.4563 
0.7700 0.2735 0.4106 0.4094 0.4574 
0.7800 0.2757 0.4132 0.4109 0.4603 
0.7900 0.2778 0.4159 0.4131 0.4629 
0.8000 0.2797 0.4185 0.4151 0.4652 
0.8100 0.2813 0.4208 0.4170 0.4680 
0.8200 0.2830 0.4231 0.4185 0.4726 
0.8300 0.2848 0.4254 0.4217 0.4774 
0.8400 0.2873 0.4278 0.4246 0.4797 
0.8500 0.2900 0.4301 0.4277 0.4802 
0.8600 0.2932 0.4324 0.4298 0.4829 
0.8700 0.2963 0.4347 0.4312 0.4870 
0.8800 0.2993 0.4370 0.4327 0.4870 
0.8900 0.3018 0.4392 0.4346 0.4889 
0.9000 0.3042 0.4413 0.4366 0.4890 
0.9100 0.3065 0.4434 0.4389 0.4898 
0.9200 0.3083 0.4455 0.4413 0.4931 
0.9300 0.3099 0.4475 0.4430 0.4977 
0.9400 0.3115 0.4496 0.4438 0.4991 
0.9500 0.3130 0.4517 0.4474 0.5021 
0.9600 0.3148 0.4538 0.4517 0.5049 
0.9700 0.3166 0.4559 0.4555 0.5093 
0.9800 0.3185 0.4579 0.4587 0.5114 
0.9900 0.3203 0.4596 0.4601 0.5125 
1.0000 0.3224 0.4614 0.4617 0.5142 
