0.0000 0.0020 0.0020 0.0070 0.0030 
0.0100 0.0087 0.0288 0.0313 0.0426 
0.0200 0.0154 0.0433 0.0510 0.0685 
0.0300 0.0165 0.0563 0.0720 0.0759 
0.0400 0.0204 0.0682 0.0788 0.0896 
0.0500 0.0244 0.0780 0.0867 0.0988 
0.0600 0.0287 0.0844 0.0987 0.1107 
0.0700 0.0362 0.0904 0.1040 0.1202 
0.0800 0.0426 0.0972 0.1160 0.1269 
0.0900 0.0460 0.1037 0.1270 0.1314 
0.1000 0.0501 0.1103 0.1298 0.1410 
0.1100 0.0547 0.1169 0.1405 0.1498 
0.1200 0.0580 0.1230 0.1493 0.1566 
0.1300 0.0598 0.1285 0.1520 0.1660 
0.1400 0.0610 0.1334 0.1571 0.1770 
0.1500 0.0631 0.1383 0.1600 0.1829 
0.1600 0.0665 0.1433 0.1636 0.1916 
0.1700 0.0684 0.1489 0.1710 0.2037 
0.1800 0.0710 0.1542 0.1798 0.2116 
0.1900 0.0746 0.1587 0.1853 0.2175 
0.2000 0.0764 0.1633 0.1910 0.2205 
0.2100 0.0775 0.1678 0.1924 0.2235 
0.2200 0.0789 0.1726 0.1977 0.2273 
0.2300 0.0805 0.1776 0.2035 0.2326 
0.2400 0.0826 0.1824 0.2095 0.2391 
0.2500 0.0847 0.1868 0.2156 0.2432 
0.2600 0.0866 0.1907 0.2200 0.2505 
0.2700 0.0900 0.1944 0.2220 0.2600 
0.2800 0.0930 0.1981 0.2234 0.2647 
0.2900 0.0952 0.2012 0.2262 0.2708 
0.3000 0.0968 0.2043 0.2322 0.2757 
0.3100 0.0986 0.2073 0.2351 0.2805 
0.3200 0.0999 0.2104 0.2374 0.2862 
0.3300 0.1007 0.2134 0.2417 0.2894 
0.3400 0.1015 0.2164 0.2450 0.2945 
0.3500 0.1017 0.2193 0.2492 0.2993 
0.3600 0.1023 0.2218 0.2539 0.3031 
0.3700 0.1031 0.2241 0.2556 0.3091 
0.3800 0.1045 0.2265 0.2584 0.3118 
0.3900 0.1060 0.2289 0.2634 0.3165 
0.4000 0.1072 0.2313 0.2663 0.3189 
0.4100 0.1096 0.2337 0.2671 0.3225 
0.4200 0.1128 0.2362 0.2706 0.3270 
0.4300 0.1153 0.2390 0.2774 0.3303 
0.4400 0.1169 0.2417 0.2798 0.3351 
0.4500 0.1184 0.2445 0.2815 0.3384 
0.4600 0.1197 0.2473 0.2836 0.3419 
0.4700 0.1207 0.2501 0.2861 0.3429 
0.4800 0.1215 0.2530 0.2881 0.3461 
0.4900 0.1225 0.2558 0.2897 0.3493 
0.5000 0.1235 0.2586 0.2926 0.3530 
0.5100 0.1241 0.2614 0.2960 0.3576 
0.5200 0.1246 0.2641 0.2994 0.3617 
0.5300 0.1249 0.2668 0.3003 0.3680 
0.5400 0.1253 0.2694 0.3022 0.3737 
0.5500 0.1258 0.2718 0.3055 0.3810 
0.5600 0.1270 0.2743 0.3080 0.3830 
0.5700 0.1281 0.2767 0.3102 0.3895 
0.5800 0.1293 0.2789 0.3121 0.3929 
0.5900 0.1302 0.2811 0.3133 0.3969 
0.6000 0.1312 0.2833 0.3165 0.4020 
0.6100 0.1327 0.2852 0.3194 0.4050 
0.6200 0.1341 0.2870 0.3207 0.4071 
0.6300 0.1354 0.2888 0.3213 0.4078 
0.6400 0.1365 0.2907 0.3233 0.4084 
0.6500 0.1384 0.2925 0.3247 0.4133 
0.6600 0.1408 0.2940 0.3272 0.4153 
0.6700 0.1431 0.2954 0.3283 0.4179 
0.6800 0.1447 0.2969 0.3299 0.4233 
0.6900 0.1464 0.2984 0.3327 0.4266 
0.7000 0.1484 0.2998 0.3351 0.4279 
0.7100 0.1511 0.3013 0.3370 0.4295 
0.7200 0.1534 0.3027 0.3384 0.4333 
0.7300 0.1552 0.3042 0.3388 0.4347 
0.7400 0.1561 0.3057 0.3394 0.4395 
0.7500 0.1567 0.3071 0.3400 0.4414 
0.7600 0.1577 0.3086 0.3423 0.4444 
0.7700 0.1587 0.3100 0.3444 0.4476 
0.7800 0.1595 0.3115 0.3477 0.4492 
0.7900 0.1600 0.3130 0.3490 0.4506 
0.8000 0.1605 0.3145 0.3517 0.4531 
0.8100 0.1616 0.3161 0.3541 0.4547 
0.8200 0.1629 0.3176 0.3565 0.4573 
0.8300 0.1642 0.3191 0.3594 0.4598 
0.8400 0.1657 0.3207 0.3633 0.4629 
0.8500 0.1672 0.3224 0.3678 0.4646 
0.8600 0.1683 0.3241 0.3696 0.4651 
0.8700 0.1698 0.3258 0.3721 0.4658 
0.8800 0.1711 0.3276 0.3743 0.4667 
0.8900 0.1724 0.3294 0.3761 0.4696 
0.9000 0.1734 0.3311 0.3779 0.4700 
0.9100 0.1740 0.3328 0.3804 0.4703 
0.9200 0.1746 0.3346 0.3828 0.4707 
0.9300 0.1750 0.3362 0.3862 0.4726 
0.9400 0.1756 0.3378 0.3887 0.4730 
0.9500 0.1769 0.3393 0.3903 0.4730 
0.9600 0.1783 0.3409 0.3915 0.4748 
0.9700 0.1800 0.3424 0.3937 0.4760 
0.9800 0.1818 0.3440 0.3957 0.4797 
0.9900 0.1832 0.3455 0.3962 0.4810 
1.0000 0.1848 0.3471 0.3975 0.4820 
