0.0000 0.0290 0.0360 0.0610 0.0570 
0.0100 0.1122 0.1729 0.2240 0.2114 
0.0200 0.1371 0.2245 0.2995 0.3037 
0.0300 0.1606 0.2542 0.3550 0.3650 
0.0400 0.1760 0.2810 0.3870 0.3946 
0.0500 0.1858 0.3024 0.4240 0.4329 
0.0600 0.1933 0.3203 0.4360 0.4677 
0.0700 0.2024 0.3358 0.4595 0.4862 
0.0800 0.2089 0.3511 0.4775 0.5022 
0.0900 0.2187 0.3659 0.4872 0.5122 
0.1000 0.2281 0.3814 0.5030 0.5279 
0.1100 0.2346 0.3962 0.5117 0.5478 
0.1200 0.2367 0.4097 0.5248 0.5647 
0.1300 0.2394 0.4227 0.5427 0.5740 
0.1400 0.2412 0.4343 0.5501 0.5807 
0.1500 0.2440 0.4446 0.5617 0.5939 
0.1600 0.2471 0.4548 0.5702 0.6046 
0.1700 0.2509 0.4650 0.5752 0.6118 
0.1800 0.2557 0.4729 0.5871 0.6219 
0.1900 0.2601 0.4802 0.5976 0.6289 
0.2000 0.2635 0.4873 0.6049 0.6397 
0.2100 0.2667 0.4944 0.6102 0.6446 
0.2200 0.2680 0.5015 0.6200 0.6530 
0.2300 0.2691 0.5086 0.6299 0.6642 
0.2400 0.2707 0.5158 0.6366 0.6717 
0.2500 0.2744 0.5227 0.6410 0.6792 
0.2600 0.2781 0.5291 0.6477 0.6899 
0.2700 0.2819 0.5354 0.6531 0.6944 
0.2800 0.2881 0.5412 0.6583 0.7006 
0.2900 0.2910 0.5466 0.6672 0.7035 
0.3000 0.2925 0.5520 0.6782 0.7073 
0.3100 0.2946 0.5575 0.6840 0.7104 
0.3200 0.2960 0.5629 0.6873 0.7135 
0.3300 0.2973 0.5688 0.6880 0.7147 
0.3400 0.3012 0.5746 0.6900 0.7186 
0.3500 0.3052 0.5802 0.6916 0.7229 
0.3600 0.3090 0.5855 0.6948 0.7268 
0.3700 0.3121 0.5902 0.6985 0.7302 
0.3800 0.3153 0.5950 0.6999 0.7324 
0.3900 0.3192 0.5998 0.7020 0.7343 
0.4000 0.3231 0.6045 0.7047 0.7362 
0.4100 0.3267 0.6091 0.7068 0.7370 
0.4200 0.3290 0.6131 0.7084 0.7374 
0.4300 0.3307 0.6169 0.7131 0.7392 
0.4400 0.3318 0.6207 0.7145 0.7408 
0.4500 0.3341 0.6244 0.7158 0.7425 
0.4600 0.3383 0.6282 0.7180 0.7434 
0.4700 0.3423 0.6320 0.7208 0.7463 
0.4800 0.3460 0.6357 0.7224 0.7483 
0.4900 0.3483 0.6388 0.7245 0.7501 
0.5000 0.3502 0.6416 0.7265 0.7513 
0.5100 0.3522 0.6445 0.7283 0.7530 
0.5200 0.3540 0.6474 0.7314 0.7532 
0.5300 0.3558 0.6504 0.7349 0.7557 
0.5400 0.3589 0.6533 0.7368 0.7588 
0.5500 0.3621 0.6561 0.7380 0.7613 
0.5600 0.3659 0.6588 0.7380 0.7629 
0.5700 0.3690 0.6615 0.7386 0.7648 
0.5800 0.3720 0.6641 0.7401 0.7654 
0.5900 0.3746 0.6667 0.7410 0.7660 
0.6000 0.3769 0.6694 0.7412 0.7661 
0.6100 0.3787 0.6720 0.7436 0.7672 
0.6200 0.3796 0.6747 0.7475 0.7680 
0.6300 0.3804 0.6772 0.7520 0.7680 
0.6400 0.3819 0.6795 0.7538 0.7680 
0.6500 0.3835 0.6816 0.7551 0.7701 
0.6600 0.3850 0.6836 0.7559 0.7710 
0.6700 0.3861 0.6854 0.7577 0.7710 
0.6800 0.3869 0.6872 0.7589 0.7714 
0.6900 0.3878 0.6889 0.7594 0.7723 
0.7000 0.3887 0.6905 0.7603 0.7735 
0.7100 0.3904 0.6922 0.7621 0.7752 
0.7200 0.3927 0.6939 0.7631 0.7778 
0.7300 0.3949 0.6954 0.7639 0.7783 
0.7400 0.3967 0.6969 0.7642 0.7790 
0.7500 0.3981 0.6983 0.7648 0.7799 
0.7600 0.3991 0.6997 0.7658 0.7803 
0.7700 0.4008 0.7011 0.7665 0.7810 
0.7800 0.4028 0.7026 0.7689 0.7810 
0.7900 0.4048 0.7040 0.7718 0.7812 
0.8000 0.4062 0.7055 0.7742 0.7821 
0.8100 0.4071 0.7069 0.7763 0.7845 
0.8200 0.4078 0.7084 0.7769 0.7862 
0.8300 0.4084 0.7099 0.7791 0.7886 
0.8400 0.4089 0.7112 0.7808 0.7897 
0.8500 0.4094 0.7128 0.7817 0.7900 
0.8600 0.4100 0.7143 0.7822 0.7904 
0.8700 0.4111 0.7157 0.7830 0.7913 
0.8800 0.4130 0.7172 0.7853 0.7921 
0.8900 0.4150 0.7188 0.7868 0.7936 
0.9000 0.4167 0.7203 0.7886 0.7949 
0.9100 0.4183 0.7218 0.7906 0.7963 
0.9200 0.4194 0.7231 0.7917 0.7971 
0.9300 0.4201 0.7245 0.7924 0.7977 
0.9400 0.4206 0.7258 0.7929 0.7985 
0.9500 0.4210 0.7270 0.7944 0.7996 
0.9600 0.4217 0.7283 0.7950 0.8000 
0.9700 0.4227 0.7295 0.7959 0.8000 
0.9800 0.4244 0.7309 0.7973 0.8000 
0.9900 0.4262 0.7322 0.7990 0.8000 
1.0000 0.4286 0.7336 0.8001 0.8000 
